	2.0	3.0	4.0	5.0	6.0	7.0	8.0	9.0	10.0	11.0	12.0	13.0	14.0	15.0	16.0	17.0	18.0	19.0	20.0	21.0	22.0	23.0	24.0	25.0	26.0	27.0	28.0	29.0	30.0	31.0	32.0	33.0	34.0	35.0	36.0	37.0
10192_S14_L001_R1_001	48.0	0.0	0.0	0.0	0.0	0.0	0.0	0.0	0.0	0.0	17.0	150.0	460.0	911.0	1559.0	2882.0	5984.0	13132.0	28600.0	54962.0	83435.0	99062.0	107834.0	115911.0	127421.0	139827.0	155942.0	174326.0	194156.0	217723.0	244866.0	277560.0	319032.0	362554.0	369484.0	92129.0
	2.0	3.0	4.0	5.0	6.0	7.0	8.0	9.0	10.0	11.0	12.0	13.0	14.0	15.0	16.0	17.0	18.0	19.0	20.0	21.0	22.0	23.0	24.0	25.0	26.0	27.0	28.0	29.0	30.0	31.0	32.0	33.0	34.0	35.0	36.0	37.0
10192_S14_L001_R2_001	48.0	0.0	0.0	0.0	0.0	0.0	0.0	0.0	0.0	11.0	112.0	492.0	715.0	1486.0	4159.0	8417.0	12302.0	17115.0	24831.0	37625.0	61541.0	102438.0	156528.0	206997.0	257202.0	302546.0	340249.0	365357.0	366697.0	333122.0	267344.0	188051.0	105854.0	27080.0	1458.0	190.0
	12.0	13.0	14.0	15.0	16.0	17.0	18.0	19.0	20.0	21.0	22.0	23.0	24.0	25.0	26.0	27.0	28.0	29.0	30.0	31.0	32.0	33.0	34.0	35.0	36.0	37.0
10224_S58_L001_R1_001	1.0	10.0	24.0	30.0	63.0	103.0	197.0	383.0	972.0	2096.0	3304.0	4084.0	4001.0	4205.0	4615.0	5009.0	5726.0	6236.0	7693.0	8718.0	10250.0	12263.0	15920.0	22573.0	40308.0	16638.0
	12.0	13.0	14.0	15.0	16.0	17.0	18.0	19.0	20.0	21.0	22.0	23.0	24.0	25.0	26.0	27.0	28.0	29.0	30.0	31.0	32.0	33.0	34.0	35.0	36.0	37.0
10224_S58_L001_R2_001	18.0	134.0	279.0	226.0	284.0	399.0	572.0	734.0	947.0	1345.0	2145.0	3619.0	5654.0	7954.0	10060.0	12775.0	15487.0	17811.0	20232.0	21694.0	22128.0	18230.0	10184.0	2309.0	190.0	12.0
	12.0	13.0	14.0	15.0	16.0	17.0	18.0	19.0	20.0	21.0	22.0	23.0	24.0	25.0	26.0	27.0	28.0	29.0	30.0	31.0	32.0	33.0	34.0	35.0	36.0	37.0
10354_S75_L001_R1_001	3.0	5.0	7.0	23.0	31.0	49.0	107.0	239.0	541.0	1059.0	1856.0	2416.0	2727.0	3059.0	3335.0	3751.0	4366.0	4848.0	5675.0	6860.0	8319.0	9941.0	13169.0	19141.0	36605.0	23635.0
	11.0	12.0	13.0	14.0	15.0	16.0	17.0	18.0	19.0	20.0	21.0	22.0	23.0	24.0	25.0	26.0	27.0	28.0	29.0	30.0	31.0	32.0	33.0	34.0	35.0	36.0	37.0
10354_S75_L001_R2_001	1.0	11.0	174.0	231.0	198.0	277.0	424.0	652.0	814.0	1135.0	1599.0	2707.0	4536.0	7112.0	9056.0	10298.0	12172.0	14356.0	16292.0	18115.0	18670.0	16550.0	10776.0	4405.0	982.0	188.0	36.0
	13.0	14.0	15.0	16.0	17.0	18.0	19.0	20.0	21.0	22.0	23.0	24.0	25.0	26.0	27.0	28.0	29.0	30.0	31.0	32.0	33.0	34.0	35.0	36.0	37.0
10530_S40_L001_R1_001	4.0	5.0	22.0	34.0	57.0	83.0	170.0	402.0	1027.0	1724.0	2334.0	2505.0	2799.0	3205.0	3562.0	4068.0	5027.0	6016.0	7448.0	8969.0	11162.0	14620.0	21294.0	42818.0	32091.0
	11.0	12.0	13.0	14.0	15.0	16.0	17.0	18.0	19.0	20.0	21.0	22.0	23.0	24.0	25.0	26.0	27.0	28.0	29.0	30.0	31.0	32.0	33.0	34.0	35.0	36.0	37.0
10530_S40_L001_R2_001	3.0	9.0	138.0	272.0	264.0	212.0	280.0	394.0	450.0	539.0	681.0	969.0	1558.0	2541.0	3923.0	5111.0	6682.0	9039.0	11728.0	14861.0	18660.0	22724.0	26865.0	26842.0	14860.0	1832.0	9.0
	13.0	14.0	15.0	16.0	17.0	18.0	19.0	20.0	21.0	22.0	23.0	24.0	25.0	26.0	27.0	28.0	29.0	30.0	31.0	32.0	33.0	34.0	35.0	36.0	37.0
10812_S91_L001_R1_001	5.0	12.0	10.0	39.0	45.0	73.0	136.0	391.0	801.0	1635.0	2237.0	2429.0	2604.0	2909.0	3239.0	3840.0	4489.0	5258.0	6460.0	7949.0	9923.0	12765.0	18866.0	35844.0	21246.0
	12.0	13.0	14.0	15.0	16.0	17.0	18.0	19.0	20.0	21.0	22.0	23.0	24.0	25.0	26.0	27.0	28.0	29.0	30.0	31.0	32.0	33.0	34.0	35.0	36.0	37.0
10812_S91_L001_R2_001	32.0	200.0	184.0	166.0	160.0	215.0	292.0	350.0	386.0	491.0	723.0	1060.0	1742.0	2617.0	3790.0	5214.0	7374.0	9759.0	12691.0	15731.0	19354.0	22722.0	22964.0	13313.0	1654.0	21.0
	13.0	14.0	15.0	16.0	17.0	18.0	19.0	20.0	21.0	22.0	23.0	24.0	25.0	26.0	27.0	28.0	29.0	30.0	31.0	32.0	33.0	34.0	35.0	36.0	37.0
1087_S25_L001_R1_001	3.0	19.0	23.0	35.0	61.0	80.0	129.0	343.0	899.0	1704.0	2150.0	2442.0	2491.0	2692.0	2895.0	3301.0	3732.0	4368.0	5078.0	6154.0	7486.0	9616.0	13917.0	26461.0	14872.0
	12.0	13.0	14.0	15.0	16.0	17.0	18.0	19.0	20.0	21.0	22.0	23.0	24.0	25.0	26.0	27.0	28.0	29.0	30.0	31.0	32.0	33.0	34.0	35.0	36.0	37.0
1087_S25_L001_R2_001	3.0	91.0	175.0	179.0	160.0	243.0	295.0	367.0	439.0	591.0	949.0	1461.0	2387.0	3522.0	4508.0	5981.0	7778.0	9643.0	11516.0	13852.0	15507.0	15326.0	11717.0	3979.0	274.0	8.0
	2.0	3.0	4.0	5.0	6.0	7.0	8.0	9.0	10.0	11.0	12.0	13.0	14.0	15.0	16.0	17.0	18.0	19.0	20.0	21.0	22.0	23.0	24.0	25.0	26.0	27.0	28.0	29.0	30.0	31.0	32.0	33.0	34.0	35.0	36.0	37.0
11223_S30_L001_R1_001	2.0	0.0	0.0	0.0	0.0	0.0	0.0	0.0	0.0	0.0	0.0	12.0	37.0	62.0	132.0	227.0	511.0	1071.0	2382.0	4823.0	7854.0	10067.0	11554.0	12746.0	14137.0	15791.0	17417.0	19428.0	21827.0	24323.0	27548.0	31124.0	36314.0	42082.0	43388.0	9104.0
	2.0	3.0	4.0	5.0	6.0	7.0	8.0	9.0	10.0	11.0	12.0	13.0	14.0	15.0	16.0	17.0	18.0	19.0	20.0	21.0	22.0	23.0	24.0	25.0	26.0	27.0	28.0	29.0	30.0	31.0	32.0	33.0	34.0	35.0	36.0	37.0
11223_S30_L001_R2_001	2.0	0.0	0.0	0.0	0.0	0.0	0.0	0.0	0.0	1.0	19.0	69.0	79.0	152.0	317.0	676.0	1032.0	1570.0	2605.0	4325.0	7849.0	14483.0	24356.0	30877.0	33766.0	36353.0	38716.0	40332.0	37830.0	31379.0	23324.0	15836.0	6760.0	1150.0	80.0	25.0
	2.0	3.0	4.0	5.0	6.0	7.0	8.0	9.0	10.0	11.0	12.0	13.0	14.0	15.0	16.0	17.0	18.0	19.0	20.0	21.0	22.0	23.0	24.0	25.0	26.0	27.0	28.0	29.0	30.0	31.0	32.0	33.0	34.0	35.0	36.0	37.0
11276_S15_L001_R1_001	4.0	0.0	0.0	0.0	0.0	0.0	0.0	0.0	0.0	0.0	1.0	11.0	36.0	69.0	148.0	246.0	525.0	1125.0	2652.0	4992.0	7269.0	8259.0	8659.0	9377.0	10467.0	11586.0	13112.0	14643.0	16716.0	18121.0	20528.0	22367.0	25312.0	27797.0	24843.0	3769.0
	2.0	3.0	4.0	5.0	6.0	7.0	8.0	9.0	10.0	11.0	12.0	13.0	14.0	15.0	16.0	17.0	18.0	19.0	20.0	21.0	22.0	23.0	24.0	25.0	26.0	27.0	28.0	29.0	30.0	31.0	32.0	33.0	34.0	35.0	36.0	37.0
11276_S15_L001_R2_001	4.0	0.0	0.0	0.0	0.0	0.0	0.0	0.0	0.0	0.0	18.0	53.0	76.0	122.0	247.0	447.0	666.0	918.0	1421.0	2403.0	4122.0	7697.0	13423.0	18450.0	21085.0	24721.0	27316.0	29471.0	29316.0	25915.0	20399.0	14610.0	7635.0	1940.0	139.0	20.0
	12.0	13.0	14.0	15.0	16.0	17.0	18.0	19.0	20.0	21.0	22.0	23.0	24.0	25.0	26.0	27.0	28.0	29.0	30.0	31.0	32.0	33.0	34.0	35.0	36.0	37.0
11494_S59_L001_R1_001	3.0	7.0	20.0	48.0	69.0	127.0	243.0	462.0	1166.0	2116.0	3057.0	3727.0	4001.0	4311.0	4748.0	5304.0	6141.0	6924.0	8251.0	9585.0	11294.0	13579.0	16974.0	24021.0	44278.0	23257.0
	11.0	12.0	13.0	14.0	15.0	16.0	17.0	18.0	19.0	20.0	21.0	22.0	23.0	24.0	25.0	26.0	27.0	28.0	29.0	30.0	31.0	32.0	33.0	34.0	35.0	36.0	37.0
11494_S59_L001_R2_001	1.0	25.0	168.0	276.0	254.0	330.0	487.0	703.0	904.0	1194.0	1608.0	2507.0	4228.0	6457.0	8251.0	10400.0	12660.0	15395.0	18231.0	20982.0	23601.0	24496.0	21278.0	13574.0	4678.0	928.0	97.0
	16.0	17.0	18.0	19.0	20.0	21.0	22.0	23.0	24.0	25.0	26.0	27.0	28.0	29.0	30.0	31.0	32.0	33.0	34.0	35.0	36.0	37.0
11506_S34_L001_R1_001	5.0	9.0	19.0	30.0	55.0	90.0	122.0	166.0	207.0	282.0	368.0	512.0	728.0	926.0	1283.0	1790.0	2359.0	3358.0	4789.0	7854.0	17205.0	47951.0
	11.0	12.0	13.0	14.0	15.0	16.0	17.0	18.0	19.0	20.0	21.0	22.0	23.0	24.0	25.0	26.0	27.0	28.0	29.0	30.0	31.0	32.0	33.0	34.0	35.0	36.0	37.0
11506_S34_L001_R2_001	1.0	1.0	8.0	39.0	39.0	48.0	36.0	70.0	117.0	168.0	215.0	265.0	415.0	542.0	720.0	1013.0	1273.0	1668.0	2111.0	2781.0	3864.0	5545.0	8135.0	12825.0	21516.0	23394.0	3299.0
	2.0	3.0	4.0	5.0	6.0	7.0	8.0	9.0	10.0	11.0	12.0	13.0	14.0	15.0	16.0	17.0	18.0	19.0	20.0	21.0	22.0	23.0	24.0	25.0	26.0	27.0	28.0	29.0	30.0	31.0	32.0	33.0	34.0	35.0	36.0	37.0
11706_S53_L001_R1_001	3.0	0.0	0.0	0.0	0.0	0.0	0.0	0.0	0.0	0.0	0.0	3.0	10.0	22.0	28.0	58.0	147.0	280.0	545.0	1129.0	1817.0	2239.0	2539.0	2767.0	3076.0	3451.0	3934.0	4396.0	4887.0	5743.0	6125.0	7158.0	8179.0	9547.0	9761.0	2273.0
	2.0	3.0	4.0	5.0	6.0	7.0	8.0	9.0	10.0	11.0	12.0	13.0	14.0	15.0	16.0	17.0	18.0	19.0	20.0	21.0	22.0	23.0	24.0	25.0	26.0	27.0	28.0	29.0	30.0	31.0	32.0	33.0	34.0	35.0	36.0	37.0
11706_S53_L001_R2_001	2.0	0.0	0.0	0.0	0.0	0.0	0.0	0.0	0.0	1.0	6.0	22.0	28.0	39.0	83.0	163.0	261.0	346.0	503.0	895.0	1545.0	2738.0	4844.0	6310.0	7177.0	7776.0	8374.0	9224.0	8982.0	7797.0	5720.0	4314.0	2169.0	549.0	161.0	88.0
	12.0	13.0	14.0	15.0	16.0	17.0	18.0	19.0	20.0	21.0	22.0	23.0	24.0	25.0	26.0	27.0	28.0	29.0	30.0	31.0	32.0	33.0	34.0	35.0	36.0	37.0
11895_S68_L001_R1_001	1.0	5.0	8.0	17.0	25.0	49.0	71.0	131.0	296.0	617.0	1088.0	1586.0	1929.0	2264.0	2762.0	3186.0	3647.0	4242.0	4870.0	5753.0	6467.0	7296.0	8676.0	10503.0	11973.0	3461.0
	12.0	13.0	14.0	15.0	16.0	17.0	18.0	19.0	20.0	21.0	22.0	23.0	24.0	25.0	26.0	27.0	28.0	29.0	30.0	31.0	32.0	33.0	34.0	35.0	36.0	37.0
11895_S68_L001_R2_001	2.0	17.0	22.0	29.0	58.0	113.0	178.0	251.0	379.0	555.0	942.0	1636.0	2642.0	3956.0	5414.0	6908.0	8308.0	9362.0	9863.0	9598.0	8373.0	6526.0	4322.0	1389.0	77.0	3.0
	2.0	3.0	4.0	5.0	6.0	7.0	8.0	9.0	10.0	11.0	12.0	13.0	14.0	15.0	16.0	17.0	18.0	19.0	20.0	21.0	22.0	23.0	24.0	25.0	26.0	27.0	28.0	29.0	30.0	31.0	32.0	33.0	34.0	35.0	36.0	37.0
11896_S92_L001_R1_001	1.0	0.0	0.0	0.0	0.0	0.0	0.0	0.0	0.0	0.0	3.0	5.0	18.0	44.0	59.0	82.0	124.0	220.0	521.0	1361.0	2517.0	3463.0	4052.0	4359.0	4843.0	5660.0	6454.0	7825.0	9437.0	11455.0	13897.0	17446.0	22993.0	34018.0	65154.0	34463.0
	2.0	3.0	4.0	5.0	6.0	7.0	8.0	9.0	10.0	11.0	12.0	13.0	14.0	15.0	16.0	17.0	18.0	19.0	20.0	21.0	22.0	23.0	24.0	25.0	26.0	27.0	28.0	29.0	30.0	31.0	32.0	33.0	34.0	35.0	36.0	37.0
11896_S92_L001_R2_001	1.0	0.0	0.0	0.0	0.0	0.0	0.0	0.0	0.0	0.0	14.0	178.0	483.0	371.0	344.0	383.0	517.0	675.0	793.0	1104.0	1508.0	2337.0	3945.0	5821.0	8037.0	10866.0	14843.0	19459.0	24142.0	29659.0	35313.0	39361.0	34186.0	14931.0	1189.0	14.0
	2.0	3.0	4.0	5.0	6.0	7.0	8.0	9.0	10.0	11.0	12.0	13.0	14.0	15.0	16.0	17.0	18.0	19.0	20.0	21.0	22.0	23.0	24.0	25.0	26.0	27.0	28.0	29.0	30.0	31.0	32.0	33.0	34.0	35.0	36.0	37.0
12220_S31_L001_R1_001	1.0	0.0	0.0	0.0	0.0	0.0	0.0	0.0	0.0	0.0	0.0	4.0	10.0	26.0	45.0	158.0	350.0	559.0	969.0	1473.0	2179.0	2713.0	2943.0	3249.0	3696.0	4085.0	4437.0	5165.0	5734.0	6317.0	6957.0	7885.0	8983.0	10274.0	10552.0	2048.0
	2.0	3.0	4.0	5.0	6.0	7.0	8.0	9.0	10.0	11.0	12.0	13.0	14.0	15.0	16.0	17.0	18.0	19.0	20.0	21.0	22.0	23.0	24.0	25.0	26.0	27.0	28.0	29.0	30.0	31.0	32.0	33.0	34.0	35.0	36.0	37.0
12220_S31_L001_R2_001	1.0	0.0	0.0	0.0	0.0	0.0	0.0	0.0	0.0	0.0	6.0	18.0	24.0	34.0	59.0	96.0	194.0	285.0	413.0	711.0	1201.0	2293.0	3846.0	5575.0	6841.0	8258.0	9431.0	10485.0	10799.0	10278.0	8549.0	6386.0	3975.0	1001.0	42.0	11.0
	13.0	14.0	15.0	16.0	17.0	18.0	19.0	20.0	21.0	22.0	23.0	24.0	25.0	26.0	27.0	28.0	29.0	30.0	31.0	32.0	33.0	34.0	35.0	36.0	37.0
123_S1_L001_R1_001	4.0	4.0	24.0	17.0	48.0	70.0	151.0	415.0	969.0	1873.0	2613.0	2821.0	2965.0	3322.0	3793.0	4279.0	4986.0	5941.0	7117.0	8628.0	10457.0	13888.0	20099.0	37265.0	23830.0
	11.0	12.0	13.0	14.0	15.0	16.0	17.0	18.0	19.0	20.0	21.0	22.0	23.0	24.0	25.0	26.0	27.0	28.0	29.0	30.0	31.0	32.0	33.0	34.0	35.0	36.0	37.0
123_S1_L001_R2_001	1.0	7.0	133.0	329.0	215.0	214.0	302.0	418.0	507.0	651.0	946.0	1571.0	2921.0	4742.0	6188.0	7581.0	9170.0	11273.0	13909.0	17011.0	19668.0	21421.0	19106.0	12806.0	4197.0	288.0	4.0
	2.0	3.0	4.0	5.0	6.0	7.0	8.0	9.0	10.0	11.0	12.0	13.0	14.0	15.0	16.0	17.0	18.0	19.0	20.0	21.0	22.0	23.0	24.0	25.0	26.0	27.0	28.0	29.0	30.0	31.0	32.0	33.0	34.0	35.0	36.0	37.0
12547_S16_L001_R1_001	4.0	0.0	0.0	0.0	0.0	0.0	0.0	0.0	0.0	0.0	1.0	16.0	64.0	105.0	168.0	267.0	648.0	1409.0	3391.0	6835.0	10362.0	11559.0	12435.0	13737.0	15129.0	16777.0	19230.0	21461.0	24524.0	27317.0	30793.0	35107.0	40307.0	46419.0	47977.0	10165.0
	2.0	3.0	4.0	5.0	6.0	7.0	8.0	9.0	10.0	11.0	12.0	13.0	14.0	15.0	16.0	17.0	18.0	19.0	20.0	21.0	22.0	23.0	24.0	25.0	26.0	27.0	28.0	29.0	30.0	31.0	32.0	33.0	34.0	35.0	36.0	37.0
12547_S16_L001_R2_001	4.0	0.0	0.0	0.0	0.0	0.0	0.0	0.0	0.0	1.0	24.0	88.0	110.0	194.0	397.0	729.0	1092.0	1531.0	2395.0	3922.0	6899.0	12984.0	22297.0	29193.0	33640.0	38728.0	42637.0	45588.0	45144.0	39252.0	31209.0	22693.0	12151.0	3164.0	135.0	6.0
	13.0	14.0	15.0	16.0	17.0	18.0	19.0	20.0	21.0	22.0	23.0	24.0	25.0	26.0	27.0	28.0	29.0	30.0	31.0	32.0	33.0	34.0	35.0	36.0	37.0
12694_S76_L001_R1_001	5.0	6.0	15.0	36.0	69.0	114.0	236.0	549.0	1279.0	2429.0	2959.0	3285.0	3641.0	3962.0	4627.0	5240.0	6165.0	7435.0	8629.0	10471.0	12930.0	17027.0	24963.0	46926.0	23195.0
	12.0	13.0	14.0	15.0	16.0	17.0	18.0	19.0	20.0	21.0	22.0	23.0	24.0	25.0	26.0	27.0	28.0	29.0	30.0	31.0	32.0	33.0	34.0	35.0	36.0	37.0
12694_S76_L001_R2_001	8.0	94.0	288.0	254.0	243.0	262.0	344.0	417.0	540.0	705.0	1070.0	1762.0	3305.0	5288.0	6756.0	8266.0	10347.0	13034.0	16156.0	20550.0	25630.0	29760.0	27133.0	12601.0	1362.0	18.0
	2.0	3.0	4.0	5.0	6.0	7.0	8.0	9.0	10.0	11.0	12.0	13.0	14.0	15.0	16.0	17.0	18.0	19.0	20.0	21.0	22.0	23.0	24.0	25.0	26.0	27.0	28.0	29.0	30.0	31.0	32.0	33.0	34.0	35.0	36.0	37.0
12819_S54_L001_R1_001	2.0	0.0	0.0	0.0	0.0	0.0	0.0	0.0	0.0	0.0	0.0	0.0	11.0	14.0	39.0	66.0	132.0	301.0	603.0	1208.0	2037.0	2628.0	2950.0	3425.0	3877.0	4380.0	4854.0	5562.0	6386.0	7151.0	8148.0	8950.0	10587.0	12388.0	13205.0	3518.0
	2.0	3.0	4.0	5.0	6.0	7.0	8.0	9.0	10.0	11.0	12.0	13.0	14.0	15.0	16.0	17.0	18.0	19.0	20.0	21.0	22.0	23.0	24.0	25.0	26.0	27.0	28.0	29.0	30.0	31.0	32.0	33.0	34.0	35.0	36.0	37.0
12819_S54_L001_R2_001	2.0	0.0	0.0	0.0	0.0	0.0	0.0	0.0	0.0	0.0	5.0	13.0	27.0	40.0	95.0	185.0	292.0	402.0	646.0	1110.0	1961.0	3324.0	5190.0	6744.0	8395.0	9844.0	10754.0	11341.0	11692.0	10484.0	8459.0	6364.0	3798.0	1201.0	46.0	8.0
	12.0	13.0	14.0	15.0	16.0	17.0	18.0	19.0	20.0	21.0	22.0	23.0	24.0	25.0	26.0	27.0	28.0	29.0	30.0	31.0	32.0	33.0	34.0	35.0	36.0	37.0
12885_S69_L001_R1_001	1.0	5.0	13.0	19.0	50.0	76.0	145.0	295.0	555.0	1198.0	1846.0	2280.0	2876.0	3250.0	3832.0	4381.0	5115.0	5880.0	6511.0	7447.0	8343.0	9361.0	10591.0	12292.0	13237.0	2882.0
	12.0	13.0	14.0	15.0	16.0	17.0	18.0	19.0	20.0	21.0	22.0	23.0	24.0	25.0	26.0	27.0	28.0	29.0	30.0	31.0	32.0	33.0	34.0	35.0	36.0	37.0
12885_S69_L001_R2_001	11.0	23.0	28.0	56.0	111.0	240.0	308.0	470.0	639.0	954.0	1500.0	2680.0	4333.0	5897.0	7930.0	9576.0	10989.0	11693.0	11993.0	11126.0	9248.0	6920.0	4485.0	1215.0	55.0	1.0
	12.0	13.0	14.0	15.0	16.0	17.0	18.0	19.0	20.0	21.0	22.0	23.0	24.0	25.0	26.0	27.0	28.0	29.0	30.0	31.0	32.0	33.0	34.0	35.0	36.0	37.0
12994_S93_L001_R1_001	2.0	5.0	15.0	31.0	55.0	85.0	123.0	208.0	439.0	1091.0	2174.0	3042.0	3527.0	3982.0	4560.0	5246.0	6104.0	7222.0	8859.0	10751.0	13175.0	16398.0	21711.0	31435.0	61202.0	37453.0
	12.0	13.0	14.0	15.0	16.0	17.0	18.0	19.0	20.0	21.0	22.0	23.0	24.0	25.0	26.0	27.0	28.0	29.0	30.0	31.0	32.0	33.0	34.0	35.0	36.0	37.0
12994_S93_L001_R2_001	20.0	199.0	314.0	218.0	273.0	355.0	446.0	552.0	623.0	849.0	1180.0	1863.0	3218.0	4950.0	6904.0	9529.0	12947.0	17108.0	21861.0	26790.0	32328.0	37604.0	36427.0	20027.0	2299.0	11.0
	12.0	13.0	14.0	15.0	16.0	17.0	18.0	19.0	20.0	21.0	22.0	23.0	24.0	25.0	26.0	27.0	28.0	29.0	30.0	31.0	32.0	33.0	34.0	35.0	36.0	37.0
13393_S32_L001_R1_001	2.0	3.0	9.0	27.0	54.0	151.0	320.0	487.0	874.0	1400.0	1977.0	2460.0	2772.0	3126.0	3562.0	4061.0	4494.0	5075.0	5681.0	6438.0	7036.0	7834.0	9144.0	10606.0	11232.0	2483.0
	12.0	13.0	14.0	15.0	16.0	17.0	18.0	19.0	20.0	21.0	22.0	23.0	24.0	25.0	26.0	27.0	28.0	29.0	30.0	31.0	32.0	33.0	34.0	35.0	36.0	37.0
13393_S32_L001_R2_001	3.0	16.0	21.0	32.0	75.0	147.0	268.0	376.0	526.0	889.0	1527.0	2662.0	4393.0	5982.0	7426.0	8765.0	9900.0	10232.0	10411.0	9683.0	7902.0	5836.0	3305.0	888.0	41.0	2.0
	12.0	13.0	14.0	15.0	16.0	17.0	18.0	19.0	20.0	21.0	22.0	23.0	24.0	25.0	26.0	27.0	28.0	29.0	30.0	31.0	32.0	33.0	34.0	35.0	36.0	37.0
1356_S26_L001_R1_001	3.0	3.0	24.0	42.0	50.0	65.0	85.0	170.0	451.0	1124.0	2210.0	3051.0	3312.0	3764.0	4075.0	4348.0	4908.0	5737.0	6465.0	7670.0	9348.0	11354.0	14917.0	21953.0	41153.0	23752.0
	12.0	13.0	14.0	15.0	16.0	17.0	18.0	19.0	20.0	21.0	22.0	23.0	24.0	25.0	26.0	27.0	28.0	29.0	30.0	31.0	32.0	33.0	34.0	35.0	36.0	37.0
1356_S26_L001_R2_001	10.0	131.0	275.0	211.0	246.0	316.0	421.0	508.0	669.0	968.0	1526.0	2664.0	4304.0	5889.0	7479.0	9607.0	12264.0	15287.0	18261.0	21609.0	23798.0	22924.0	15657.0	4746.0	259.0	5.0
	2.0	3.0	4.0	5.0	6.0	7.0	8.0	9.0	10.0	11.0	12.0	13.0	14.0	15.0	16.0	17.0	18.0	19.0	20.0	21.0	22.0	23.0	24.0	25.0	26.0	27.0	28.0	29.0	30.0	31.0	32.0	33.0	34.0	35.0	36.0	37.0
13615_S17_L001_R1_001	7.0	0.0	0.0	0.0	0.0	0.0	0.0	0.0	0.0	0.0	0.0	28.0	102.0	183.0	343.0	618.0	1459.0	3404.0	7858.0	15405.0	21689.0	22078.0	22626.0	24021.0	26340.0	28762.0	31478.0	35207.0	39228.0	43331.0	48389.0	54165.0	61136.0	67093.0	61616.0	9931.0
	2.0	3.0	4.0	5.0	6.0	7.0	8.0	9.0	10.0	11.0	12.0	13.0	14.0	15.0	16.0	17.0	18.0	19.0	20.0	21.0	22.0	23.0	24.0	25.0	26.0	27.0	28.0	29.0	30.0	31.0	32.0	33.0	34.0	35.0	36.0	37.0
13615_S17_L001_R2_001	6.0	0.0	0.0	0.0	0.0	0.0	0.0	0.0	0.0	1.0	29.0	121.0	170.0	263.0	640.0	1206.0	1693.0	2346.0	3528.0	5719.0	10572.0	19774.0	34562.0	45619.0	52068.0	59600.0	66448.0	71955.0	72580.0	64356.0	51227.0	36944.0	19640.0	4958.0	373.0	99.0
	2.0	3.0	4.0	5.0	6.0	7.0	8.0	9.0	10.0	11.0	12.0	13.0	14.0	15.0	16.0	17.0	18.0	19.0	20.0	21.0	22.0	23.0	24.0	25.0	26.0	27.0	28.0	29.0	30.0	31.0	32.0	33.0	34.0	35.0	36.0	37.0
13858_S55_L001_R1_001	2.0	0.0	0.0	0.0	0.0	0.0	0.0	0.0	0.0	0.0	0.0	0.0	7.0	13.0	32.0	52.0	139.0	223.0	437.0	763.0	1132.0	1548.0	1818.0	2156.0	2437.0	2743.0	3120.0	3683.0	4261.0	4729.0	5382.0	6107.0	7356.0	8492.0	9747.0	2787.0
	2.0	3.0	4.0	5.0	6.0	7.0	8.0	9.0	10.0	11.0	12.0	13.0	14.0	15.0	16.0	17.0	18.0	19.0	20.0	21.0	22.0	23.0	24.0	25.0	26.0	27.0	28.0	29.0	30.0	31.0	32.0	33.0	34.0	35.0	36.0	37.0
13858_S55_L001_R2_001	2.0	0.0	0.0	0.0	0.0	0.0	0.0	0.0	0.0	1.0	4.0	11.0	18.0	35.0	86.0	192.0	226.0	349.0	445.0	656.0	885.0	1418.0	2300.0	3267.0	4442.0	5631.0	6677.0	7696.0	8198.0	8209.0	7282.0	5590.0	3953.0	1448.0	130.0	15.0
	2.0	3.0	4.0	5.0	6.0	7.0	8.0	9.0	10.0	11.0	12.0	13.0	14.0	15.0	16.0	17.0	18.0	19.0	20.0	21.0	22.0	23.0	24.0	25.0	26.0	27.0	28.0	29.0	30.0	31.0	32.0	33.0	34.0	35.0	36.0	37.0
1420_S4_L001_R1_001	1.0	0.0	0.0	0.0	0.0	0.0	0.0	0.0	0.0	0.0	1.0	4.0	8.0	13.0	48.0	48.0	94.0	200.0	558.0	1363.0	2699.0	3605.0	4010.0	4436.0	4942.0	5398.0	5937.0	6776.0	7728.0	9161.0	10931.0	13558.0	17761.0	26361.0	49016.0	25370.0
	2.0	3.0	4.0	5.0	6.0	7.0	8.0	9.0	10.0	11.0	12.0	13.0	14.0	15.0	16.0	17.0	18.0	19.0	20.0	21.0	22.0	23.0	24.0	25.0	26.0	27.0	28.0	29.0	30.0	31.0	32.0	33.0	34.0	35.0	36.0	37.0
1420_S4_L001_R2_001	1.0	0.0	0.0	0.0	0.0	0.0	0.0	0.0	0.0	1.0	9.0	89.0	311.0	375.0	296.0	337.0	385.0	465.0	629.0	857.0	1311.0	2537.0	4924.0	7410.0	8933.0	10634.0	12565.0	14979.0	18775.0	23190.0	27862.0	30724.0	23690.0	8037.0	685.0	16.0
	2.0	3.0	4.0	5.0	6.0	7.0	8.0	9.0	10.0	11.0	12.0	13.0	14.0	15.0	16.0	17.0	18.0	19.0	20.0	21.0	22.0	23.0	24.0	25.0	26.0	27.0	28.0	29.0	30.0	31.0	32.0	33.0	34.0	35.0	36.0	37.0
14216_S70_L001_R1_001	1.0	0.0	0.0	0.0	0.0	0.0	0.0	0.0	0.0	0.0	1.0	5.0	21.0	31.0	55.0	69.0	140.0	313.0	629.0	1192.0	2047.0	2694.0	3310.0	3898.0	4492.0	5189.0	5999.0	6863.0	7729.0	8940.0	10047.0	11153.0	12691.0	15123.0	16231.0	4001.0
	12.0	13.0	14.0	15.0	16.0	17.0	18.0	19.0	20.0	21.0	22.0	23.0	24.0	25.0	26.0	27.0	28.0	29.0	30.0	31.0	32.0	33.0	34.0	35.0	36.0	37.0
14216_S70_L001_R2_001	5.0	21.0	25.0	52.0	108.0	181.0	303.0	424.0	613.0	952.0	1676.0	3051.0	5079.0	7245.0	9622.0	11456.0	13342.0	14151.0	14543.0	13392.0	11465.0	8347.0	5277.0	1433.0	85.0	16.0
	12.0	13.0	14.0	15.0	16.0	17.0	18.0	19.0	20.0	21.0	22.0	23.0	24.0	25.0	26.0	27.0	28.0	29.0	30.0	31.0	32.0	33.0	34.0	35.0	36.0	37.0
14372_S33_L001_R1_001	1.0	3.0	14.0	33.0	49.0	84.0	193.0	434.0	900.0	1652.0	2695.0	3362.0	3635.0	4099.0	4552.0	4978.0	5482.0	6097.0	6903.0	7696.0	8524.0	9634.0	11160.0	12624.0	12065.0	2166.0
	11.0	12.0	13.0	14.0	15.0	16.0	17.0	18.0	19.0	20.0	21.0	22.0	23.0	24.0	25.0	26.0	27.0	28.0	29.0	30.0	31.0	32.0	33.0	34.0	35.0	36.0	37.0
14372_S33_L001_R2_001	1.0	9.0	22.0	39.0	54.0	111.0	240.0	362.0	508.0	806.0	1441.0	2459.0	4254.0	6993.0	8878.0	9923.0	10933.0	11747.0	12024.0	11619.0	9990.0	7750.0	5459.0	2688.0	658.0	53.0	14.0
	2.0	3.0	4.0	5.0	6.0	7.0	8.0	9.0	10.0	11.0	12.0	13.0	14.0	15.0	16.0	17.0	18.0	19.0	20.0	21.0	22.0	23.0	24.0	25.0	26.0	27.0	28.0	29.0	30.0	31.0	32.0	33.0	34.0	35.0	36.0	37.0
14714_S18_L001_R1_001	15.0	0.0	0.0	0.0	0.0	0.0	0.0	0.0	0.0	0.0	1.0	3.0	12.0	33.0	43.0	87.0	191.0	535.0	1072.0	2089.0	3113.0	3399.0	3383.0	3633.0	4042.0	4299.0	4895.0	5402.0	5852.0	6639.0	7539.0	8208.0	9690.0	10937.0	10724.0	1957.0
	2.0	3.0	4.0	5.0	6.0	7.0	8.0	9.0	10.0	11.0	12.0	13.0	14.0	15.0	16.0	17.0	18.0	19.0	20.0	21.0	22.0	23.0	24.0	25.0	26.0	27.0	28.0	29.0	30.0	31.0	32.0	33.0	34.0	35.0	36.0	37.0
14714_S18_L001_R2_001	15.0	0.0	0.0	0.0	0.0	0.0	0.0	0.0	0.0	0.0	9.0	44.0	65.0	77.0	158.0	277.0	393.0	492.0	781.0	1323.0	2220.0	4276.0	7072.0	8635.0	9366.0	9906.0	10405.0	10680.0	10137.0	8618.0	6346.0	4289.0	1858.0	308.0	30.0	13.0
	2.0	3.0	4.0	5.0	6.0	7.0	8.0	9.0	10.0	11.0	12.0	13.0	14.0	15.0	16.0	17.0	18.0	19.0	20.0	21.0	22.0	23.0	24.0	25.0	26.0	27.0	28.0	29.0	30.0	31.0	32.0	33.0	34.0	35.0	36.0	37.0
15002_S56_L001_R1_001	2.0	0.0	0.0	0.0	0.0	0.0	0.0	0.0	0.0	0.0	0.0	1.0	5.0	18.0	39.0	62.0	135.0	262.0	438.0	840.0	1321.0	1599.0	2073.0	2393.0	2763.0	3155.0	3706.0	4229.0	4828.0	5631.0	6248.0	7187.0	8565.0	9946.0	11241.0	3106.0
	2.0	3.0	4.0	5.0	6.0	7.0	8.0	9.0	10.0	11.0	12.0	13.0	14.0	15.0	16.0	17.0	18.0	19.0	20.0	21.0	22.0	23.0	24.0	25.0	26.0	27.0	28.0	29.0	30.0	31.0	32.0	33.0	34.0	35.0	36.0	37.0
15002_S56_L001_R2_001	2.0	0.0	0.0	0.0	0.0	0.0	0.0	0.0	0.0	0.0	3.0	10.0	15.0	38.0	124.0	230.0	283.0	449.0	600.0	924.0	1436.0	2212.0	3390.0	4699.0	6197.0	7428.0	8414.0	8995.0	9080.0	8343.0	6946.0	5392.0	3323.0	1110.0	121.0	29.0
	13.0	14.0	15.0	16.0	17.0	18.0	19.0	20.0	21.0	22.0	23.0	24.0	25.0	26.0	27.0	28.0	29.0	30.0	31.0	32.0	33.0	34.0	35.0	36.0	37.0
15116_S71_L001_R1_001	1.0	13.0	22.0	20.0	42.0	89.0	195.0	388.0	914.0	1492.0	1970.0	2352.0	2808.0	3343.0	3928.0	4582.0	5229.0	6138.0	6859.0	8065.0	9042.0	10393.0	12471.0	14759.0	4121.0
	12.0	13.0	14.0	15.0	16.0	17.0	18.0	19.0	20.0	21.0	22.0	23.0	24.0	25.0	26.0	27.0	28.0	29.0	30.0	31.0	32.0	33.0	34.0	35.0	36.0
15116_S71_L001_R2_001	8.0	14.0	24.0	32.0	62.0	141.0	199.0	276.0	388.0	653.0	1016.0	1802.0	3130.0	4590.0	6525.0	8259.0	10058.0	11555.0	12112.0	11849.0	10558.0	8161.0	5725.0	2028.0	71.0
	2.0	3.0	4.0	5.0	6.0	7.0	8.0	9.0	10.0	11.0	12.0	13.0	14.0	15.0	16.0	17.0	18.0	19.0	20.0	21.0	22.0	23.0	24.0	25.0	26.0	27.0	28.0	29.0	30.0	31.0	32.0	33.0	34.0	35.0	36.0	37.0
15425_S34_L001_R1_001	1.0	0.0	0.0	0.0	0.0	0.0	0.0	0.0	0.0	0.0	0.0	3.0	7.0	24.0	34.0	62.0	130.0	259.0	625.0	1191.0	1971.0	2538.0	2922.0	3253.0	3750.0	4144.0	4704.0	5164.0	6103.0	6751.0	7556.0	8700.0	10231.0	12173.0	12904.0	3189.0
	2.0	3.0	4.0	5.0	6.0	7.0	8.0	9.0	10.0	11.0	12.0	13.0	14.0	15.0	16.0	17.0	18.0	19.0	20.0	21.0	22.0	23.0	24.0	25.0	26.0	27.0	28.0	29.0	30.0	31.0	32.0	33.0	34.0	35.0	36.0	37.0
15425_S34_L001_R2_001	1.0	0.0	0.0	0.0	0.0	0.0	0.0	0.0	0.0	0.0	3.0	21.0	26.0	45.0	102.0	177.0	286.0	378.0	598.0	954.0	1540.0	2723.0	4300.0	6073.0	7607.0	8753.0	10278.0	11247.0	11504.0	10613.0	8965.0	6772.0	4093.0	1249.0	67.0	14.0
	2.0	3.0	4.0	5.0	6.0	7.0	8.0	9.0	10.0	11.0	12.0	13.0	14.0	15.0	16.0	17.0	18.0	19.0	20.0	21.0	22.0	23.0	24.0	25.0	26.0	27.0	28.0	29.0	30.0	31.0	32.0	33.0	34.0	35.0	36.0	37.0
16066_S57_L001_R1_001	2.0	0.0	0.0	0.0	0.0	0.0	0.0	0.0	0.0	0.0	1.0	3.0	10.0	17.0	38.0	59.0	144.0	237.0	533.0	988.0	1608.0	2293.0	2688.0	3234.0	3865.0	4438.0	5140.0	6002.0	6860.0	7905.0	8937.0	10525.0	12053.0	14487.0	17110.0	4694.0
	2.0	3.0	4.0	5.0	6.0	7.0	8.0	9.0	10.0	11.0	12.0	13.0	14.0	15.0	16.0	17.0	18.0	19.0	20.0	21.0	22.0	23.0	24.0	25.0	26.0	27.0	28.0	29.0	30.0	31.0	32.0	33.0	34.0	35.0	36.0	37.0
16066_S57_L001_R2_001	2.0	0.0	0.0	0.0	0.0	0.0	0.0	0.0	0.0	0.0	16.0	33.0	29.0	48.0	133.0	213.0	338.0	539.0	752.0	1238.0	2005.0	3306.0	5197.0	7297.0	9366.0	11002.0	12411.0	12934.0	13029.0	11740.0	9450.0	7183.0	4449.0	1120.0	40.0	1.0
	2.0	3.0	4.0	5.0	6.0	7.0	8.0	9.0	10.0	11.0	12.0	13.0	14.0	15.0	16.0	17.0	18.0	19.0	20.0	21.0	22.0	23.0	24.0	25.0	26.0	27.0	28.0	29.0	30.0	31.0	32.0	33.0	34.0	35.0	36.0	37.0
16384_S72_L001_R1_001	1.0	0.0	0.0	0.0	0.0	0.0	0.0	0.0	0.0	1.0	1.0	9.0	15.0	47.0	60.0	121.0	201.0	458.0	883.0	1813.0	3166.0	4278.0	4800.0	5813.0	6694.0	7624.0	8585.0	9692.0	11163.0	12515.0	14101.0	15904.0	18473.0	21859.0	24456.0	6673.0
	2.0	3.0	4.0	5.0	6.0	7.0	8.0	9.0	10.0	11.0	12.0	13.0	14.0	15.0	16.0	17.0	18.0	19.0	20.0	21.0	22.0	23.0	24.0	25.0	26.0	27.0	28.0	29.0	30.0	31.0	32.0	33.0	34.0	35.0	36.0	37.0
16384_S72_L001_R2_001	1.0	0.0	0.0	0.0	0.0	0.0	0.0	0.0	0.0	0.0	5.0	31.0	46.0	57.0	146.0	282.0	400.0	548.0	895.0	1437.0	2317.0	4353.0	7765.0	11441.0	14207.0	16881.0	19189.0	20906.0	21230.0	19826.0	16049.0	11974.0	7066.0	2183.0	154.0	17.0
	2.0	3.0	4.0	5.0	6.0	7.0	8.0	9.0	10.0	11.0	12.0	13.0	14.0	15.0	16.0	17.0	18.0	19.0	20.0	21.0	22.0	23.0	24.0	25.0	26.0	27.0	28.0	29.0	30.0	31.0	32.0	33.0	34.0	35.0	36.0	37.0
17405_S73_L001_R1_001	3.0	0.0	0.0	0.0	0.0	0.0	0.0	0.0	0.0	0.0	0.0	10.0	29.0	63.0	85.0	145.0	311.0	598.0	1284.0	2530.0	3990.0	5150.0	6168.0	7208.0	8266.0	9680.0	11150.0	12646.0	14091.0	16344.0	18139.0	20664.0	23957.0	27455.0	27525.0	5047.0
	2.0	3.0	4.0	5.0	6.0	7.0	8.0	9.0	10.0	11.0	12.0	13.0	14.0	15.0	16.0	17.0	18.0	19.0	20.0	21.0	22.0	23.0	24.0	25.0	26.0	27.0	28.0	29.0	30.0	31.0	32.0	33.0	34.0	35.0	36.0	37.0
17405_S73_L001_R2_001	3.0	0.0	0.0	0.0	0.0	0.0	0.0	0.0	0.0	1.0	9.0	38.0	49.0	67.0	128.0	286.0	444.0	567.0	942.0	1477.0	2628.0	4722.0	8472.0	12297.0	15953.0	19676.0	23530.0	25698.0	27014.0	25584.0	21955.0	16828.0	10548.0	3378.0	212.0	32.0
	13.0	14.0	15.0	16.0	17.0	18.0	19.0	20.0	21.0	22.0	23.0	24.0	25.0	26.0	27.0	28.0	29.0	30.0	31.0	32.0	33.0	34.0	35.0	36.0	37.0
18465_S74_L001_R1_001	3.0	8.0	13.0	30.0	61.0	103.0	208.0	392.0	811.0	1250.0	1550.0	1917.0	2223.0	2510.0	2836.0	3284.0	3794.0	4211.0	4640.0	5312.0	5963.0	6857.0	7812.0	8361.0	1763.0
	12.0	13.0	14.0	15.0	16.0	17.0	18.0	19.0	20.0	21.0	22.0	23.0	24.0	25.0	26.0	27.0	28.0	29.0	30.0	31.0	32.0	33.0	34.0	35.0	36.0	37.0
18465_S74_L001_R2_001	7.0	17.0	26.0	42.0	65.0	133.0	170.0	218.0	364.0	576.0	1071.0	1824.0	3210.0	4535.0	5661.0	6398.0	7311.0	7763.0	7636.0	6815.0	5410.0	4054.0	2065.0	509.0	27.0	5.0
	2.0	3.0	4.0	5.0	6.0	7.0	8.0	9.0	10.0	11.0	12.0	13.0	14.0	15.0	16.0	17.0	18.0	19.0	20.0	21.0	22.0	23.0	24.0	25.0	26.0	27.0	28.0	29.0	30.0	31.0	32.0	33.0	34.0	35.0	36.0	37.0
2196_S5_L001_R1_001	1.0	0.0	0.0	0.0	0.0	0.0	0.0	0.0	0.0	0.0	1.0	2.0	3.0	12.0	18.0	45.0	62.0	144.0	268.0	656.0	1391.0	2139.0	2598.0	2827.0	3313.0	3760.0	4348.0	5250.0	6301.0	7512.0	8964.0	11046.0	14342.0	21158.0	40990.0	34818.0
	2.0	3.0	4.0	5.0	6.0	7.0	8.0	9.0	10.0	11.0	12.0	13.0	14.0	15.0	16.0	17.0	18.0	19.0	20.0	21.0	22.0	23.0	24.0	25.0	26.0	27.0	28.0	29.0	30.0	31.0	32.0	33.0	34.0	35.0	36.0	37.0
2196_S5_L001_R2_001	1.0	0.0	0.0	0.0	0.0	0.0	0.0	0.0	0.0	0.0	9.0	109.0	165.0	121.0	103.0	167.0	244.0	288.0	386.0	530.0	694.0	1163.0	2027.0	3199.0	4527.0	6093.0	8403.0	10919.0	14399.0	18235.0	22456.0	27010.0	27991.0	19127.0	3537.0	66.0
	12.0	13.0	14.0	15.0	16.0	17.0	18.0	19.0	20.0	21.0	22.0	23.0	24.0	25.0	26.0	27.0	28.0	29.0	30.0	31.0	32.0	33.0	34.0	35.0	36.0	37.0
2712_S34_L001_R1_001	2.0	10.0	19.0	41.0	64.0	58.0	115.0	230.0	485.0	1053.0	2023.0	2900.0	3269.0	3478.0	3906.0	4300.0	4983.0	5922.0	7038.0	8379.0	10120.0	12437.0	16190.0	23670.0	44305.0	29392.0
	10.0	11.0	12.0	13.0	14.0	15.0	16.0	17.0	18.0	19.0	20.0	21.0	22.0	23.0	24.0	25.0	26.0	27.0	28.0	29.0	30.0	31.0	32.0	33.0	34.0	35.0	36.0	37.0
2712_S34_L001_R2_001	1.0	0.0	8.0	127.0	263.0	232.0	212.0	354.0	504.0	568.0	789.0	1112.0	2024.0	3546.0	5632.0	7592.0	9404.0	11484.0	13917.0	17366.0	20693.0	23588.0	25010.0	21799.0	13667.0	4287.0	208.0	2.0
	12.0	13.0	14.0	15.0	16.0	17.0	18.0	19.0	20.0	21.0	22.0	23.0	24.0	25.0	26.0	27.0	28.0	29.0	30.0	31.0	32.0	33.0	34.0	35.0	36.0	37.0
2995_S53_L001_R1_001	1.0	3.0	18.0	36.0	47.0	72.0	121.0	223.0	463.0	1025.0	1989.0	2523.0	2850.0	3056.0	3520.0	4115.0	4760.0	5455.0	6765.0	8043.0	9780.0	11845.0	14662.0	20746.0	39714.0	26737.0
	12.0	13.0	14.0	15.0	16.0	17.0	18.0	19.0	20.0	21.0	22.0	23.0	24.0	25.0	26.0	27.0	28.0	29.0	30.0	31.0	32.0	33.0	34.0	35.0	36.0	37.0
2995_S53_L001_R2_001	5.0	102.0	178.0	126.0	115.0	202.0	302.0	351.0	460.0	673.0	1033.0	1915.0	3502.0	5275.0	7149.0	8997.0	11120.0	14078.0	17547.0	21258.0	24524.0	25685.0	18282.0	5443.0	243.0	4.0
	13.0	14.0	15.0	16.0	17.0	18.0	19.0	20.0	21.0	22.0	23.0	24.0	25.0	26.0	27.0	28.0	29.0	30.0	31.0	32.0	33.0	34.0	35.0	36.0	37.0
3256_S6_L001_R1_001	4.0	12.0	26.0	34.0	70.0	116.0	225.0	539.0	1415.0	2729.0	3833.0	4322.0	4514.0	5140.0	5654.0	6081.0	7309.0	8310.0	10078.0	11932.0	14786.0	19095.0	28270.0	51967.0	27660.0
	12.0	13.0	14.0	15.0	16.0	17.0	18.0	19.0	20.0	21.0	22.0	23.0	24.0	25.0	26.0	27.0	28.0	29.0	30.0	31.0	32.0	33.0	34.0	35.0	36.0	37.0
3256_S6_L001_R2_001	3.0	98.0	418.0	385.0	312.0	340.0	425.0	533.0	684.0	878.0	1434.0	2583.0	4531.0	7007.0	8643.0	10624.0	13008.0	16520.0	20416.0	25011.0	29664.0	32188.0	26021.0	11198.0	1165.0	32.0
	12.0	13.0	14.0	15.0	16.0	17.0	18.0	19.0	20.0	21.0	22.0	23.0	24.0	25.0	26.0	27.0	28.0	29.0	30.0	31.0	32.0	33.0	34.0	35.0	36.0	37.0
3262_S27_L001_R1_001	1.0	4.0	17.0	42.0	45.0	62.0	118.0	213.0	428.0	925.0	1725.0	2252.0	2569.0	2855.0	3201.0	3779.0	4184.0	4849.0	5826.0	6963.0	8421.0	10638.0	13749.0	19812.0	38927.0	30413.0
	11.0	12.0	13.0	14.0	15.0	16.0	17.0	18.0	19.0	20.0	21.0	22.0	23.0	24.0	25.0	26.0	27.0	28.0	29.0	30.0	31.0	32.0	33.0	34.0	35.0	36.0	37.0
3262_S27_L001_R2_001	1.0	30.0	204.0	212.0	182.0	320.0	430.0	687.0	853.0	1153.0	1838.0	3205.0	5468.0	8522.0	10320.0	11611.0	13447.0	15543.0	17675.0	19397.0	19737.0	16471.0	10321.0	3768.0	549.0	60.0	14.0
	13.0	14.0	15.0	16.0	17.0	18.0	19.0	20.0	21.0	22.0	23.0	24.0	25.0	26.0	27.0	28.0	29.0	30.0	31.0	32.0	33.0	34.0	35.0	36.0	37.0
364_S2_L001_R1_001	2.0	13.0	22.0	40.0	68.0	107.0	240.0	649.0	1671.0	3088.0	3934.0	4298.0	4673.0	5062.0	5584.0	6227.0	7262.0	8436.0	9878.0	11906.0	14633.0	19378.0	28241.0	49704.0	26590.0
	10.0	11.0	12.0	13.0	14.0	15.0	16.0	17.0	18.0	19.0	20.0	21.0	22.0	23.0	24.0	25.0	26.0	27.0	28.0	29.0	30.0	31.0	32.0	33.0	34.0	35.0	36.0	37.0
364_S2_L001_R2_001	1.0	0.0	17.0	223.0	394.0	290.0	335.0	439.0	538.0	668.0	877.0	1378.0	2356.0	4702.0	8095.0	10023.0	11498.0	13876.0	16543.0	19901.0	23614.0	27022.0	28035.0	23447.0	13200.0	3933.0	289.0	12.0
	13.0	14.0	15.0	16.0	17.0	18.0	19.0	20.0	21.0	22.0	23.0	24.0	25.0	26.0	27.0	28.0	29.0	30.0	31.0	32.0	33.0	34.0	35.0	36.0	37.0
4007_S35_L001_R1_001	9.0	33.0	54.0	69.0	129.0	183.0	321.0	766.0	1768.0	3156.0	4387.0	5011.0	5333.0	5840.0	6713.0	7457.0	8713.0	10333.0	12224.0	14549.0	18020.0	23261.0	33879.0	62353.0	37591.0
	11.0	12.0	13.0	14.0	15.0	16.0	17.0	18.0	19.0	20.0	21.0	22.0	23.0	24.0	25.0	26.0	27.0	28.0	29.0	30.0	31.0	32.0	33.0	34.0	35.0	36.0	37.0
4007_S35_L001_R2_001	1.0	22.0	193.0	313.0	231.0	336.0	448.0	662.0	808.0	1141.0	1624.0	2662.0	5052.0	8099.0	10792.0	13047.0	16409.0	20490.0	25042.0	29715.0	33636.0	35323.0	30902.0	19411.0	5437.0	336.0	20.0
	12.0	13.0	14.0	15.0	16.0	17.0	18.0	19.0	20.0	21.0	22.0	23.0	24.0	25.0	26.0	27.0	28.0	29.0	30.0	31.0	32.0	33.0	34.0	35.0	36.0	37.0
4343_S54_L001_R1_001	4.0	9.0	20.0	40.0	76.0	83.0	177.0	319.0	586.0	1391.0	2517.0	2937.0	3167.0	3529.0	3885.0	4424.0	5075.0	6195.0	7434.0	8999.0	10547.0	12683.0	15742.0	22330.0	42124.0	24327.0
	11.0	12.0	13.0	14.0	15.0	16.0	17.0	18.0	19.0	20.0	21.0	22.0	23.0	24.0	25.0	26.0	27.0	28.0	29.0	30.0	31.0	32.0	33.0	34.0	35.0	36.0	37.0
4343_S54_L001_R2_001	1.0	3.0	77.0	290.0	279.0	254.0	274.0	418.0	473.0	595.0	771.0	1233.0	2046.0	3490.0	5188.0	6548.0	8492.0	10960.0	14143.0	17491.0	20884.0	24989.0	27326.0	22697.0	9003.0	681.0	14.0
	13.0	14.0	15.0	16.0	17.0	18.0	19.0	20.0	21.0	22.0	23.0	24.0	25.0	26.0	27.0	28.0	29.0	30.0	31.0	32.0	33.0	34.0	35.0	36.0	37.0
4406_S28_L001_R1_001	5.0	20.0	33.0	35.0	44.0	69.0	127.0	340.0	763.0	1299.0	1630.0	1716.0	1748.0	2019.0	2348.0	2687.0	3231.0	3936.0	4801.0	6007.0	7545.0	9946.0	13939.0	19794.0	5723.0
	12.0	13.0	14.0	15.0	16.0	17.0	18.0	19.0	20.0	21.0	22.0	23.0	24.0	25.0	26.0	27.0	28.0	29.0	30.0	31.0	32.0	33.0	34.0	35.0	36.0	37.0
4406_S28_L001_R2_001	5.0	53.0	182.0	219.0	179.0	210.0	283.0	343.0	422.0	551.0	839.0	1373.0	2146.0	3012.0	4095.0	5694.0	7532.0	9433.0	11402.0	12371.0	12320.0	9975.0	5577.0	1527.0	58.0	4.0
	2.0	3.0	4.0	5.0	6.0	7.0	8.0	9.0	10.0	11.0	12.0	13.0	14.0	15.0	16.0	17.0	18.0	19.0	20.0	21.0	22.0	23.0	24.0	25.0	26.0	27.0	28.0	29.0	30.0	31.0	32.0	33.0	34.0	35.0	36.0	37.0
4516_S7_L001_R1_001	1.0	0.0	0.0	0.0	0.0	0.0	0.0	0.0	0.0	0.0	0.0	1.0	2.0	14.0	25.0	50.0	75.0	128.0	333.0	923.0	1762.0	2441.0	2594.0	2736.0	3127.0	3539.0	4172.0	4886.0	5765.0	6890.0	8295.0	10347.0	13364.0	19918.0	38913.0	26432.0
	2.0	3.0	4.0	5.0	6.0	7.0	8.0	9.0	10.0	11.0	12.0	13.0	14.0	15.0	16.0	17.0	18.0	19.0	20.0	21.0	22.0	23.0	24.0	25.0	26.0	27.0	28.0	29.0	30.0	31.0	32.0	33.0	34.0	35.0	36.0	37.0
4516_S7_L001_R2_001	1.0	0.0	0.0	0.0	0.0	0.0	0.0	0.0	0.0	0.0	17.0	133.0	206.0	165.0	190.0	227.0	311.0	365.0	483.0	627.0	847.0	1474.0	2585.0	4117.0	5268.0	6562.0	8436.0	10897.0	13836.0	17244.0	21018.0	24330.0	23266.0	12538.0	1586.0	4.0
	12.0	13.0	14.0	15.0	16.0	17.0	18.0	19.0	20.0	21.0	22.0	23.0	24.0	25.0	26.0	27.0	28.0	29.0	30.0	31.0	32.0	33.0	34.0	35.0	36.0	37.0
4965_S71_L001_R1_001	2.0	5.0	27.0	47.0	71.0	136.0	272.0	584.0	1414.0	3279.0	5465.0	6351.0	5899.0	6331.0	6682.0	7195.0	8082.0	9266.0	10932.0	12579.0	15184.0	18319.0	24275.0	34623.0	50875.0	14919.0
	12.0	13.0	14.0	15.0	16.0	17.0	18.0	19.0	20.0	21.0	22.0	23.0	24.0	25.0	26.0	27.0	28.0	29.0	30.0	31.0	32.0	33.0	34.0	35.0	36.0	37.0
4965_S71_L001_R2_001	16.0	204.0	350.0	284.0	329.0	463.0	744.0	919.0	1260.0	1859.0	3300.0	6537.0	10311.0	12403.0	14062.0	16277.0	19491.0	23333.0	28164.0	31948.0	31680.0	23130.0	11294.0	3618.0	720.0	118.0
	12.0	13.0	14.0	15.0	16.0	17.0	18.0	19.0	20.0	21.0	22.0	23.0	24.0	25.0	26.0	27.0	28.0	29.0	30.0	31.0	32.0	33.0	34.0	35.0	36.0	37.0
5190_S36_L001_R1_001	2.0	3.0	18.0	26.0	55.0	69.0	110.0	204.0	371.0	1093.0	2150.0	2914.0	3263.0	3666.0	3887.0	4307.0	4822.0	5481.0	6311.0	7635.0	9094.0	11168.0	14343.0	21072.0	39978.0	22908.0
	11.0	12.0	13.0	14.0	15.0	16.0	17.0	18.0	19.0	20.0	21.0	22.0	23.0	24.0	25.0	26.0	27.0	28.0	29.0	30.0	31.0	32.0	33.0	34.0	35.0	36.0	37.0
5190_S36_L001_R2_001	1.0	5.0	71.0	209.0	195.0	158.0	220.0	360.0	384.0	507.0	686.0	943.0	1740.0	2937.0	4183.0	5612.0	7363.0	9709.0	12719.0	15630.0	19120.0	22227.0	24697.0	22547.0	11460.0	1259.0	8.0
	12.0	13.0	14.0	15.0	16.0	17.0	18.0	19.0	20.0	21.0	22.0	23.0	24.0	25.0	26.0	27.0	28.0	29.0	30.0	31.0	32.0	33.0	34.0	35.0	36.0	37.0
5384_S88_L001_R1_001	1.0	3.0	11.0	17.0	30.0	55.0	92.0	220.0	511.0	1185.0	2118.0	2675.0	3052.0	3275.0	3582.0	4033.0	4611.0	5238.0	6194.0	7335.0	8699.0	10964.0	14385.0	20732.0	36092.0	17364.0
	12.0	13.0	14.0	15.0	16.0	17.0	18.0	19.0	20.0	21.0	22.0	23.0	24.0	25.0	26.0	27.0	28.0	29.0	30.0	31.0	32.0	33.0	34.0	35.0	36.0	37.0
5384_S88_L001_R2_001	10.0	94.0	234.0	236.0	226.0	250.0	363.0	369.0	480.0	654.0	976.0	1916.0	3498.0	4924.0	6152.0	7508.0	9307.0	11813.0	14825.0	18299.0	21522.0	21986.0	17407.0	8357.0	1051.0	17.0
	12.0	13.0	14.0	15.0	16.0	17.0	18.0	19.0	20.0	21.0	22.0	23.0	24.0	25.0	26.0	27.0	28.0	29.0	30.0	31.0	32.0	33.0	34.0	35.0	36.0	37.0
5968_S29_L001_R1_001	3.0	8.0	27.0	55.0	87.0	94.0	150.0	243.0	603.0	1462.0	2689.0	3789.0	4355.0	4759.0	5181.0	6089.0	7040.0	8058.0	9722.0	11460.0	14085.0	17705.0	22962.0	33994.0	63463.0	30906.0
	12.0	13.0	14.0	15.0	16.0	17.0	18.0	19.0	20.0	21.0	22.0	23.0	24.0	25.0	26.0	27.0	28.0	29.0	30.0	31.0	32.0	33.0	34.0	35.0	36.0	37.0
5968_S29_L001_R2_001	13.0	144.0	227.0	160.0	169.0	274.0	376.0	531.0	684.0	856.0	1467.0	2675.0	4907.0	7971.0	10329.0	12824.0	15957.0	20103.0	24947.0	31225.0	37081.0	38940.0	27819.0	8758.0	547.0	5.0
	2.0	3.0	4.0	5.0	6.0	7.0	8.0	9.0	10.0	11.0	12.0	13.0	14.0	15.0	16.0	17.0	18.0	19.0	20.0	21.0	22.0	23.0	24.0	25.0	26.0	27.0	28.0	29.0	30.0	31.0	32.0	33.0	34.0	35.0	36.0	37.0
6242_S72_L001_R1_001	1.0	0.0	0.0	0.0	0.0	0.0	0.0	0.0	0.0	0.0	0.0	1.0	17.0	32.0	46.0	86.0	153.0	319.0	818.0	1777.0	3143.0	3560.0	3706.0	4021.0	4423.0	4910.0	5783.0	6774.0	7993.0	9575.0	11687.0	14088.0	18226.0	26286.0	49141.0	22830.0
	2.0	3.0	4.0	5.0	6.0	7.0	8.0	9.0	10.0	11.0	12.0	13.0	14.0	15.0	16.0	17.0	18.0	19.0	20.0	21.0	22.0	23.0	24.0	25.0	26.0	27.0	28.0	29.0	30.0	31.0	32.0	33.0	34.0	35.0	36.0	37.0
6242_S72_L001_R2_001	1.0	0.0	0.0	0.0	0.0	0.0	0.0	0.0	0.0	0.0	4.0	106.0	268.0	250.0	233.0	287.0	434.0	503.0	587.0	805.0	1219.0	2069.0	3464.0	5015.0	6541.0	8707.0	11527.0	14699.0	18544.0	22477.0	26907.0	31008.0	28329.0	13926.0	1449.0	37.0
	12.0	13.0	14.0	15.0	16.0	17.0	18.0	19.0	20.0	21.0	22.0	23.0	24.0	25.0	26.0	27.0	28.0	29.0	30.0	31.0	32.0	33.0	34.0	35.0	36.0	37.0
6266_S55_L001_R1_001	5.0	15.0	27.0	94.0	131.0	195.0	280.0	541.0	1143.0	2634.0	4896.0	5920.0	6474.0	6793.0	7591.0	8740.0	10167.0	12089.0	14554.0	17513.0	21314.0	25837.0	32631.0	47078.0	86264.0	44379.0
	11.0	12.0	13.0	14.0	15.0	16.0	17.0	18.0	19.0	20.0	21.0	22.0	23.0	24.0	25.0	26.0	27.0	28.0	29.0	30.0	31.0	32.0	33.0	34.0	35.0	36.0	37.0
6266_S55_L001_R2_001	1.0	42.0	367.0	481.0	403.0	422.0	516.0	759.0	829.0	1017.0	1324.0	1930.0	3262.0	5801.0	8702.0	11618.0	14695.0	19659.0	25581.0	32612.0	40532.0	49516.0	56499.0	52374.0	25715.0	2623.0	25.0
	2.0	3.0	4.0	5.0	6.0	7.0	8.0	9.0	10.0	11.0	12.0	13.0	14.0	15.0	16.0	17.0	18.0	19.0	20.0	21.0	22.0	23.0	24.0	25.0	26.0	27.0	28.0	29.0	30.0	31.0	32.0	33.0	34.0	35.0	36.0	37.0
6740_S37_L001_R1_001	2.0	0.0	0.0	0.0	0.0	0.0	0.0	0.0	0.0	0.0	2.0	12.0	20.0	55.0	76.0	142.0	263.0	657.0	1432.0	3316.0	5723.0	6882.0	7075.0	7630.0	8160.0	9140.0	10465.0	11950.0	13926.0	16260.0	19520.0	23905.0	30795.0	44501.0	85819.0	45795.0
	2.0	3.0	4.0	5.0	6.0	7.0	8.0	9.0	10.0	11.0	12.0	13.0	14.0	15.0	16.0	17.0	18.0	19.0	20.0	21.0	22.0	23.0	24.0	25.0	26.0	27.0	28.0	29.0	30.0	31.0	32.0	33.0	34.0	35.0	36.0	37.0
6740_S37_L001_R2_001	2.0	0.0	0.0	0.0	0.0	0.0	0.0	0.0	0.0	0.0	26.0	331.0	599.0	506.0	546.0	732.0	1084.0	1328.0	1715.0	2564.0	4244.0	7569.0	12544.0	16629.0	19588.0	22916.0	27510.0	32505.0	37688.0	43798.0	46704.0	42332.0	24072.0	5706.0	267.0	18.0
	2.0	3.0	4.0	5.0	6.0	7.0	8.0	9.0	10.0	11.0	12.0	13.0	14.0	15.0	16.0	17.0	18.0	19.0	20.0	21.0	22.0	23.0	24.0	25.0	26.0	27.0	28.0	29.0	30.0	31.0	32.0	33.0	34.0	35.0	36.0	37.0
7395_S56_L001_R1_001	1.0	0.0	0.0	0.0	0.0	0.0	0.0	0.0	0.0	0.0	6.0	32.0	73.0	163.0	218.0	373.0	565.0	1041.0	2190.0	4930.0	8783.0	10918.0	12035.0	13320.0	14808.0	16955.0	19515.0	23489.0	28020.0	34343.0	41558.0	49796.0	63008.0	88766.0	172035.0	125397.0
	2.0	3.0	4.0	5.0	6.0	7.0	8.0	9.0	10.0	11.0	12.0	13.0	14.0	15.0	16.0	17.0	18.0	19.0	20.0	21.0	22.0	23.0	24.0	25.0	26.0	27.0	28.0	29.0	30.0	31.0	32.0	33.0	34.0	35.0	36.0	37.0
7395_S56_L001_R2_001	1.0	0.0	0.0	0.0	0.0	0.0	0.0	0.0	1.0	1.0	31.0	454.0	1272.0	1112.0	998.0	1323.0	1654.0	2191.0	2724.0	3590.0	5661.0	9874.0	16753.0	23830.0	30775.0	38616.0	48974.0	61051.0	74034.0	87904.0	101601.0	106002.0	81704.0	28376.0	1816.0	15.0
	12.0	13.0	14.0	15.0	16.0	17.0	18.0	19.0	20.0	21.0	22.0	23.0	24.0	25.0	26.0	27.0	28.0	29.0	30.0	31.0	32.0	33.0	34.0	35.0	36.0	37.0
7500_S30_L001_R1_001	1.0	9.0	21.0	40.0	67.0	94.0	131.0	236.0	529.0	1266.0	2375.0	3227.0	3636.0	3957.0	4422.0	4998.0	5652.0	6626.0	7774.0	9257.0	11176.0	13889.0	18145.0	26702.0	51249.0	31433.0
	10.0	11.0	12.0	13.0	14.0	15.0	16.0	17.0	18.0	19.0	20.0	21.0	22.0	23.0	24.0	25.0	26.0	27.0	28.0	29.0	30.0	31.0	32.0	33.0	34.0	35.0	36.0	37.0
7500_S30_L001_R2_001	1.0	0.0	6.0	133.0	368.0	335.0	292.0	350.0	458.0	535.0	714.0	933.0	1399.0	2445.0	4237.0	6412.0	8083.0	9985.0	12665.0	15950.0	19776.0	24454.0	29140.0	31208.0	25369.0	10635.0	993.0	36.0
	2.0	3.0	4.0	5.0	6.0	7.0	8.0	9.0	10.0	11.0	12.0	13.0	14.0	15.0	16.0	17.0	18.0	19.0	20.0	21.0	22.0	23.0	24.0	25.0	26.0	27.0	28.0	29.0	30.0	31.0	32.0	33.0	34.0	35.0	36.0	37.0
7588_S12_L001_R1_001	27.0	0.0	0.0	0.0	0.0	0.0	0.0	0.0	0.0	0.0	1.0	4.0	17.0	44.0	91.0	159.0	343.0	622.0	1084.0	1797.0	2589.0	3420.0	3990.0	4597.0	5228.0	5975.0	6738.0	7662.0	8577.0	9435.0	10534.0	12436.0	14262.0	16781.0	17948.0	4406.0
	2.0	3.0	4.0	5.0	6.0	7.0	8.0	9.0	10.0	11.0	12.0	13.0	14.0	15.0	16.0	17.0	18.0	19.0	20.0	21.0	22.0	23.0	24.0	25.0	26.0	27.0	28.0	29.0	30.0	31.0	32.0	33.0	34.0	35.0	36.0	37.0
7588_S12_L001_R2_001	27.0	0.0	0.0	0.0	0.0	0.0	0.0	0.0	0.0	0.0	11.0	31.0	52.0	75.0	190.0	415.0	560.0	804.0	1070.0	1578.0	2357.0	3573.0	5660.0	7968.0	10228.0	12269.0	14412.0	15507.0	16143.0	15099.0	12335.0	9386.0	5878.0	2123.0	696.0	320.0
	13.0	14.0	15.0	16.0	17.0	18.0	19.0	20.0	21.0	22.0	23.0	24.0	25.0	26.0	27.0	28.0	29.0	30.0	31.0	32.0	33.0	34.0	35.0	36.0	37.0
7780_S73_L001_R1_001	3.0	13.0	33.0	38.0	78.0	148.0	377.0	810.0	1581.0	3130.0	4243.0	4467.0	4915.0	5413.0	6047.0	6758.0	7580.0	9121.0	10518.0	12348.0	15572.0	20183.0	29819.0	55313.0	26709.0
	12.0	13.0	14.0	15.0	16.0	17.0	18.0	19.0	20.0	21.0	22.0	23.0	24.0	25.0	26.0	27.0	28.0	29.0	30.0	31.0	32.0	33.0	34.0	35.0	36.0	37.0
7780_S73_L001_R2_001	13.0	166.0	398.0	361.0	323.0	438.0	647.0	734.0	943.0	1272.0	1850.0	3154.0	5321.0	7681.0	9651.0	12237.0	15217.0	19107.0	22650.0	27513.0	31471.0	31349.0	22840.0	8544.0	1132.0	205.0
	12.0	13.0	14.0	15.0	16.0	17.0	18.0	19.0	20.0	21.0	22.0	23.0	24.0	25.0	26.0	27.0	28.0	29.0	30.0	31.0	32.0	33.0	34.0	35.0	36.0	37.0
780_S3_L001_R1_001	1.0	2.0	4.0	21.0	32.0	43.0	96.0	185.0	434.0	1066.0	2006.0	2921.0	3268.0	3653.0	4052.0	4487.0	5004.0	5865.0	6526.0	7946.0	9413.0	11387.0	15297.0	22436.0	43027.0	26053.0
	12.0	13.0	14.0	15.0	16.0	17.0	18.0	19.0	20.0	21.0	22.0	23.0	24.0	25.0	26.0	27.0	28.0	29.0	30.0	31.0	32.0	33.0	34.0	35.0	36.0	37.0
780_S3_L001_R2_001	16.0	196.0	232.0	210.0	259.0	410.0	591.0	843.0	1130.0	1942.0	3538.0	6459.0	10523.0	12603.0	13564.0	14604.0	16165.0	18650.0	20831.0	21664.0	17949.0	9980.0	2583.0	237.0	38.0	8.0
	13.0	14.0	15.0	16.0	17.0	18.0	19.0	20.0	21.0	22.0	23.0	24.0	25.0	26.0	27.0	28.0	29.0	30.0	31.0	32.0	33.0	34.0	35.0	36.0	37.0
7915_S38_L001_R1_001	6.0	4.0	32.0	55.0	88.0	136.0	236.0	659.0	1593.0	2916.0	3790.0	3918.0	4306.0	4687.0	4960.0	5787.0	6567.0	7693.0	8878.0	10921.0	13107.0	17294.0	25050.0	48104.0	26935.0
	11.0	12.0	13.0	14.0	15.0	16.0	17.0	18.0	19.0	20.0	21.0	22.0	23.0	24.0	25.0	26.0	27.0	28.0	29.0	30.0	31.0	32.0	33.0	34.0	35.0	36.0	37.0
7915_S38_L001_R2_001	1.0	21.0	173.0	360.0	271.0	298.0	387.0	561.0	701.0	875.0	1238.0	1988.0	3669.0	6113.0	8518.0	10320.0	12149.0	14753.0	17589.0	21095.0	24633.0	27548.0	24755.0	15336.0	4117.0	241.0	12.0
	12.0	13.0	14.0	15.0	16.0	17.0	18.0	19.0	20.0	21.0	22.0	23.0	24.0	25.0	26.0	27.0	28.0	29.0	30.0	31.0	32.0	33.0	34.0	35.0	36.0	37.0
8190_S89_L001_R1_001	1.0	4.0	11.0	20.0	43.0	66.0	107.0	230.0	510.0	1203.0	2164.0	2886.0	3313.0	3546.0	4026.0	4542.0	5122.0	5914.0	7068.0	8662.0	10269.0	12840.0	16826.0	24857.0	44779.0	21099.0
	11.0	12.0	13.0	14.0	15.0	16.0	17.0	18.0	19.0	20.0	21.0	22.0	23.0	24.0	25.0	26.0	27.0	28.0	29.0	30.0	31.0	32.0	33.0	34.0	35.0	36.0	37.0
8190_S89_L001_R2_001	1.0	11.0	94.0	165.0	134.0	130.0	196.0	241.0	344.0	428.0	538.0	881.0	1373.0	2396.0	3668.0	5437.0	7497.0	10307.0	13690.0	17275.0	21481.0	26227.0	29162.0	25723.0	11677.0	1022.0	10.0
	2.0	3.0	4.0	5.0	6.0	7.0	8.0	9.0	10.0	11.0	12.0	13.0	14.0	15.0	16.0	17.0	18.0	19.0	20.0	21.0	22.0	23.0	24.0	25.0	26.0	27.0	28.0	29.0	30.0	31.0	32.0	33.0	34.0	35.0	36.0	37.0
8404_S28_L001_R1_001	2.0	0.0	0.0	0.0	0.0	0.0	0.0	0.0	0.0	0.0	1.0	5.0	25.0	48.0	89.0	219.0	427.0	926.0	1951.0	3692.0	5584.0	6863.0	7668.0	8523.0	9381.0	10333.0	11321.0	12476.0	13657.0	15304.0	17209.0	19565.0	22413.0	25833.0	26119.0	5508.0
	2.0	3.0	4.0	5.0	6.0	7.0	8.0	9.0	10.0	11.0	12.0	13.0	14.0	15.0	16.0	17.0	18.0	19.0	20.0	21.0	22.0	23.0	24.0	25.0	26.0	27.0	28.0	29.0	30.0	31.0	32.0	33.0	34.0	35.0	36.0	37.0
8404_S28_L001_R2_001	2.0	0.0	0.0	0.0	0.0	0.0	0.0	0.0	0.0	0.0	11.0	48.0	73.0	110.0	267.0	460.0	700.0	1029.0	1435.0	2240.0	3636.0	6197.0	9953.0	14023.0	17956.0	21178.0	24270.0	26056.0	26591.0	24293.0	19630.0	14139.0	8232.0	2356.0	211.0	46.0
	13.0	14.0	15.0	16.0	17.0	18.0	19.0	20.0	21.0	22.0	23.0	24.0	25.0	26.0	27.0	28.0	29.0	30.0	31.0	32.0	33.0	34.0	35.0	36.0	37.0
8695_S31_L001_R1_001	6.0	17.0	35.0	63.0	67.0	102.0	197.0	425.0	1115.0	2157.0	2836.0	3182.0	3367.0	3626.0	4221.0	4710.0	5251.0	6480.0	7479.0	9386.0	11122.0	14858.0	21671.0	40546.0	20925.0
	11.0	12.0	13.0	14.0	15.0	16.0	17.0	18.0	19.0	20.0	21.0	22.0	23.0	24.0	25.0	26.0	27.0	28.0	29.0	30.0	31.0	32.0	33.0	34.0	35.0	36.0	37.0
8695_S31_L001_R2_001	3.0	19.0	188.0	244.0	189.0	176.0	263.0	343.0	395.0	469.0	669.0	973.0	1638.0	2944.0	4531.0	5812.0	7298.0	9142.0	11808.0	14898.0	18573.0	22764.0	25424.0	22741.0	10931.0	1394.0	15.0
	12.0	13.0	14.0	15.0	16.0	17.0	18.0	19.0	20.0	21.0	22.0	23.0	24.0	25.0	26.0	27.0	28.0	29.0	30.0	31.0	32.0	33.0	34.0	35.0	36.0	37.0
8780_S57_L001_R1_001	5.0	12.0	36.0	34.0	49.0	99.0	140.0	249.0	628.0	1297.0	2509.0	3166.0	3608.0	3780.0	4208.0	4861.0	5513.0	6479.0	7927.0	9794.0	11830.0	14294.0	18353.0	25931.0	51306.0	37200.0
	11.0	12.0	13.0	14.0	15.0	16.0	17.0	18.0	19.0	20.0	21.0	22.0	23.0	24.0	25.0	26.0	27.0	28.0	29.0	30.0	31.0	32.0	33.0	34.0	35.0	36.0	37.0
8780_S57_L001_R2_001	1.0	18.0	187.0	319.0	234.0	264.0	294.0	463.0	532.0	618.0	863.0	1202.0	1952.0	3168.0	5001.0	6644.0	8791.0	11658.0	15403.0	19341.0	23476.0	28048.0	32388.0	32443.0	17906.0	2078.0	16.0
	2.0	3.0	4.0	5.0	6.0	7.0	8.0	9.0	10.0	11.0	12.0	13.0	14.0	15.0	16.0	17.0	18.0	19.0	20.0	21.0	22.0	23.0	24.0	25.0	26.0	27.0	28.0	29.0	30.0	31.0	32.0	33.0	34.0	35.0	36.0	37.0
8852_S51_L001_R1_001	3.0	0.0	0.0	0.0	0.0	0.0	0.0	0.0	0.0	0.0	1.0	1.0	6.0	15.0	31.0	67.0	120.0	222.0	365.0	707.0	1227.0	1697.0	2127.0	2474.0	2857.0	3360.0	3718.0	4414.0	5124.0	5589.0	6653.0	7346.0	8627.0	10458.0	11434.0	2822.0
	2.0	3.0	4.0	5.0	6.0	7.0	8.0	9.0	10.0	11.0	12.0	13.0	14.0	15.0	16.0	17.0	18.0	19.0	20.0	21.0	22.0	23.0	24.0	25.0	26.0	27.0	28.0	29.0	30.0	31.0	32.0	33.0	34.0	35.0	36.0	37.0
8852_S51_L001_R2_001	3.0	0.0	0.0	0.0	0.0	0.0	0.0	0.0	0.0	0.0	1.0	8.0	19.0	38.0	105.0	181.0	295.0	365.0	493.0	804.0	1192.0	1932.0	3058.0	4341.0	5745.0	7333.0	8619.0	9561.0	9860.0	9212.0	7797.0	5692.0	3582.0	1139.0	78.0	12.0
	2.0	3.0	4.0	5.0	6.0	7.0	8.0	9.0	10.0	11.0	12.0	13.0	14.0	15.0	16.0	17.0	18.0	19.0	20.0	21.0	22.0	23.0	24.0	25.0	26.0	27.0	28.0	29.0	30.0	31.0	32.0	33.0	34.0	35.0	36.0	37.0
9046_S13_L001_R1_001	3.0	0.0	0.0	0.0	0.0	0.0	0.0	0.0	0.0	0.0	3.0	15.0	55.0	103.0	167.0	322.0	637.0	1472.0	3306.0	6761.0	10191.0	11327.0	11491.0	12658.0	13730.0	15496.0	17294.0	19784.0	21960.0	24976.0	27635.0	31521.0	36490.0	41805.0	42724.0	8924.0
	2.0	3.0	4.0	5.0	6.0	7.0	8.0	9.0	10.0	11.0	12.0	13.0	14.0	15.0	16.0	17.0	18.0	19.0	20.0	21.0	22.0	23.0	24.0	25.0	26.0	27.0	28.0	29.0	30.0	31.0	32.0	33.0	34.0	35.0	36.0	37.0
9046_S13_L001_R2_001	4.0	0.0	0.0	0.0	0.0	0.0	0.0	0.0	0.0	1.0	20.0	67.0	118.0	194.0	405.0	650.0	954.0	1364.0	1940.0	3384.0	5957.0	11375.0	19728.0	25566.0	30091.0	34167.0	38162.0	41150.0	41289.0	37004.0	29780.0	21624.0	12322.0	3360.0	161.0	13.0
	12.0	13.0	14.0	15.0	16.0	17.0	18.0	19.0	20.0	21.0	22.0	23.0	24.0	25.0	26.0	27.0	28.0	29.0	30.0	31.0	32.0	33.0	34.0	35.0	36.0	37.0
9308_S39_L001_R1_001	3.0	5.0	9.0	26.0	56.0	69.0	138.0	272.0	664.0	1633.0	3119.0	4148.0	4750.0	4851.0	5283.0	5951.0	6442.0	7305.0	8462.0	9759.0	11450.0	13885.0	18323.0	26349.0	51083.0	34153.0
	10.0	11.0	12.0	13.0	14.0	15.0	16.0	17.0	18.0	19.0	20.0	21.0	22.0	23.0	24.0	25.0	26.0	27.0	28.0	29.0	30.0	31.0	32.0	33.0	34.0	35.0	36.0	37.0
9308_S39_L001_R2_001	1.0	0.0	26.0	254.0	354.0	285.0	401.0	638.0	863.0	1076.0	1354.0	2060.0	3352.0	5701.0	8655.0	11468.0	14225.0	18119.0	21116.0	24020.0	26699.0	27703.0	24983.0	17219.0	6664.0	913.0	32.0	7.0
	12.0	13.0	14.0	15.0	16.0	17.0	18.0	19.0	20.0	21.0	22.0	23.0	24.0	25.0	26.0	27.0	28.0	29.0	30.0	31.0	32.0	33.0	34.0	35.0	36.0	37.0
9325_S90_L001_R1_001	1.0	3.0	13.0	27.0	57.0	67.0	107.0	199.0	470.0	1199.0	2297.0	3053.0	3472.0	3776.0	4413.0	4863.0	5646.0	6520.0	8017.0	9692.0	11856.0	14365.0	19271.0	28476.0	52971.0	30392.0
	11.0	12.0	13.0	14.0	15.0	16.0	17.0	18.0	19.0	20.0	21.0	22.0	23.0	24.0	25.0	26.0	27.0	28.0	29.0	30.0	31.0	32.0	33.0	34.0	35.0	36.0	37.0
9325_S90_L001_R2_001	1.0	3.0	128.0	337.0	339.0	271.0	336.0	445.0	568.0	638.0	810.0	1242.0	2029.0	3611.0	5366.0	6946.0	9052.0	11955.0	15769.0	20107.0	24694.0	29461.0	32595.0	29365.0	13829.0	1320.0	6.0
	12.0	13.0	14.0	15.0	16.0	17.0	18.0	19.0	20.0	21.0	22.0	23.0	24.0	25.0	26.0	27.0	28.0	29.0	30.0	31.0	32.0	33.0	34.0	35.0	36.0	37.0
9372_S74_L001_R1_001	1.0	5.0	10.0	21.0	46.0	69.0	119.0	233.0	527.0	1225.0	2729.0	3976.0	4419.0	4880.0	5376.0	6043.0	6968.0	7649.0	9025.0	10744.0	12874.0	15973.0	20576.0	30707.0	58990.0	35382.0
	11.0	12.0	13.0	14.0	15.0	16.0	17.0	18.0	19.0	20.0	21.0	22.0	23.0	24.0	25.0	26.0	27.0	28.0	29.0	30.0	31.0	32.0	33.0	34.0	35.0	36.0	37.0
9372_S74_L001_R2_001	1.0	10.0	178.0	374.0	324.0	310.0	426.0	519.0	655.0	804.0	1109.0	1671.0	2507.0	4247.0	6203.0	8464.0	11741.0	15274.0	19142.0	24016.0	29173.0	33825.0	35913.0	29353.0	11469.0	839.0	20.0
	2.0	3.0	4.0	5.0	6.0	7.0	8.0	9.0	10.0	11.0	12.0	13.0	14.0	15.0	16.0	17.0	18.0	19.0	20.0	21.0	22.0	23.0	24.0	25.0	26.0	27.0	28.0	29.0	30.0	31.0	32.0	33.0	34.0	35.0	36.0	37.0
9536_S29_L001_R1_001	1.0	0.0	0.0	0.0	0.0	0.0	0.0	0.0	0.0	0.0	0.0	1.0	7.0	20.0	34.0	57.0	132.0	271.0	560.0	1178.0	1847.0	2309.0	2672.0	3022.0	3207.0	3617.0	4007.0	4567.0	4954.0	5485.0	6154.0	7102.0	8250.0	9515.0	10045.0	2296.0
	2.0	3.0	4.0	5.0	6.0	7.0	8.0	9.0	10.0	11.0	12.0	13.0	14.0	15.0	16.0	17.0	18.0	19.0	20.0	21.0	22.0	23.0	24.0	25.0	26.0	27.0	28.0	29.0	30.0	31.0	32.0	33.0	34.0	35.0	36.0	37.0
9536_S29_L001_R2_001	1.0	0.0	0.0	0.0	0.0	0.0	0.0	0.0	0.0	0.0	3.0	17.0	25.0	31.0	74.0	169.0	208.0	313.0	420.0	684.0	1083.0	1907.0	3160.0	4445.0	5685.0	7119.0	8216.0	9073.0	9672.0	9398.0	8093.0	6135.0	3843.0	1409.0	111.0	16.0
	2.0	3.0	4.0	5.0	6.0	7.0	8.0	9.0	10.0	11.0	12.0	13.0	14.0	15.0	16.0	17.0	18.0	19.0	20.0	21.0	22.0	23.0	24.0	25.0	26.0	27.0	28.0	29.0	30.0	31.0	32.0	33.0	34.0	35.0	36.0	37.0
9916_S52_L001_R1_001	11.0	0.0	0.0	0.0	0.0	0.0	0.0	0.0	0.0	0.0	0.0	4.0	8.0	15.0	47.0	105.0	216.0	420.0	805.0	1488.0	2179.0	2469.0	2704.0	2944.0	3312.0	3715.0	3907.0	4281.0	4753.0	5221.0	5804.0	6368.0	7031.0	7250.0	6203.0	923.0
	2.0	3.0	4.0	5.0	6.0	7.0	8.0	9.0	10.0	11.0	12.0	13.0	14.0	15.0	16.0	17.0	18.0	19.0	20.0	21.0	22.0	23.0	24.0	25.0	26.0	27.0	28.0	29.0	30.0	31.0	32.0	33.0	34.0	35.0	36.0	37.0
9916_S52_L001_R2_001	10.0	0.0	0.0	0.0	0.0	0.0	0.0	0.0	0.0	0.0	1.0	15.0	24.0	64.0	179.0	329.0	407.0	578.0	770.0	1191.0	1948.0	3462.0	5025.0	6209.0	6917.0	7382.0	7971.0	7969.0	7312.0	5835.0	4278.0	2496.0	1241.0	420.0	115.0	35.0

