	34	44	54	64	74	84	94	104	114	124	134	144	154	164	174	184	194	204	214	224	234	244	254	264	274	284	294	301
10192_S14_L001_R1_001	49.0	5.0	5.0	3.0	8.0	3.0	10.0	25.0	31.0	48.0	77.0	65.0	215.0	318.0	421.0	228.0	320.0	513.0	499.0	1663.0	1160.0	1019.0	1510.0	1104.0	413.0	3840.0	211559.0	2964856.0
	34	44	54	64	74	84	94	104	114	124	134	144	154	164	174	184	194	204	214	224	234	244	254	264	274	284	294	301
10192_S14_L001_R2_001	49.0	5.0	5.0	3.0	8.0	3.0	10.0	23.0	29.0	47.0	71.0	60.0	183.0	277.0	300.0	176.0	255.0	385.0	316.0	1075.0	741.0	712.0	710.0	507.0	206.0	2105.0	14186.0	3167520.0
	122	127	132	137	142	147	152	157	162	167	172	177	182	187	192	197	202	207	212	217	222	227	232	237	242	247	252	257	262	267	272	277	282	287	292	297	301
10224_S58_L001_R1_001	1.0	0.0	0.0	3.0	0.0	12.0	0.0	1.0	2.0	5.0	4.0	15.0	0.0	0.0	2.0	1.0	0.0	20.0	3.0	30.0	41.0	16.0	15.0	0.0	25.0	36.0	3.0	3.0	5.0	57.0	42.0	9.0	32.0	638.0	151.0	7834.0	166416.0
	122	127	132	137	142	147	152	157	162	167	172	177	182	187	192	197	202	207	212	217	222	227	232	237	242	247	252	257	262	267	272	277	282	287	292	297	301
10224_S58_L001_R2_001	1.0	0.0	0.0	3.0	0.0	12.0	1.0	1.0	2.0	4.0	4.0	15.0	0.0	0.0	2.0	1.0	0.0	20.0	2.0	30.0	35.0	14.0	14.0	0.0	23.0	25.0	2.0	3.0	4.0	47.0	27.0	4.0	8.0	481.0	6.0	229.0	174402.0
	52	57	62	67	72	77	82	87	92	97	102	107	112	117	122	127	132	137	142	147	152	157	162	167	172	177	182	187	192	197	202	207	212	217	222	227	232	237	242	247	252	257	262	267	272	277	282	287	292	297	301
10354_S75_L001_R1_001	1.0	0.0	0.0	0.0	0.0	0.0	0.0	0.0	2.0	0.0	0.0	0.0	1.0	0.0	2.0	2.0	0.0	0.0	1.0	38.0	1.0	2.0	9.0	5.0	24.0	38.0	15.0	10.0	15.0	10.0	32.0	35.0	21.0	235.0	33.0	38.0	41.0	2.0	6.0	63.0	29.0	9.0	9.0	78.0	9.0	45.0	8.0	2607.0	45.0	3185.0	145061.0
	52	57	62	67	72	77	82	87	92	97	102	107	112	117	122	127	132	137	142	147	152	157	162	167	172	177	182	187	192	197	202	207	212	217	222	227	232	237	242	247	252	257	262	267	272	277	282	287	292	297	301
10354_S75_L001_R2_001	1.0	0.0	0.0	0.0	0.0	0.0	0.0	0.0	1.0	0.0	0.0	0.0	1.0	0.0	2.0	2.0	0.0	0.0	1.0	36.0	1.0	2.0	7.0	5.0	24.0	31.0	15.0	8.0	13.0	10.0	29.0	31.0	19.0	197.0	27.0	31.0	35.0	1.0	4.0	53.0	19.0	6.0	6.0	60.0	4.0	26.0	3.0	1880.0	29.0	1360.0	147787.0
	52	57	62	67	72	77	82	87	92	97	102	107	112	117	122	127	132	137	142	147	152	157	162	167	172	177	182	187	192	197	202	207	212	217	222	227	232	237	242	247	252	257	262	267	272	277	282	287	292	297	301
10530_S40_L001_R1_001	1.0	0.0	0.0	0.0	0.0	0.0	0.0	0.0	0.0	0.0	0.0	0.0	0.0	0.0	0.0	0.0	0.0	1.0	0.0	1.0	0.0	1.0	1.0	0.0	0.0	0.0	0.0	1.0	1.0	4.0	0.0	0.0	2.0	13.0	2.0	1.0	7.0	0.0	2.0	7.0	0.0	5.0	0.0	4.0	1.0	1.0	0.0	419.0	32.0	2353.0	168586.0
	52	57	62	67	72	77	82	87	92	97	102	107	112	117	122	127	132	137	142	147	152	157	162	167	172	177	182	187	192	197	202	207	212	217	222	227	232	237	242	247	252	257	262	267	272	277	282	287	292	297	301
10530_S40_L001_R2_001	1.0	0.0	0.0	0.0	0.0	0.0	0.0	0.0	0.0	0.0	0.0	0.0	0.0	0.0	0.0	0.0	0.0	1.0	0.0	1.0	0.0	1.0	0.0	0.0	0.0	0.0	0.0	1.0	1.0	3.0	0.0	1.0	3.0	13.0	1.0	0.0	7.0	0.0	2.0	7.0	1.0	4.0	0.0	2.0	1.0	0.0	0.0	349.0	13.0	374.0	170659.0
	147	152	157	162	167	172	177	182	187	192	197	202	207	212	217	222	227	232	237	242	247	252	257	262	267	272	277	282	287	292	297	301
10812_S91_L001_R1_001	1.0	0.0	1.0	1.0	1.0	0.0	6.0	0.0	0.0	1.0	4.0	2.0	5.0	2.0	18.0	4.0	4.0	8.0	1.0	0.0	0.0	3.0	3.0	1.0	21.0	0.0	0.0	0.0	219.0	12.0	16974.0	125913.0
	147	152	157	162	167	172	177	182	187	192	197	202	207	212	217	222	227	232	237	242	247	252	257	262	267	272	277	282	287	292	297	301
10812_S91_L001_R2_001	1.0	0.0	1.0	1.0	1.0	0.0	3.0	0.0	0.0	0.0	4.0	2.0	7.0	2.0	15.0	3.0	4.0	7.0	0.0	0.0	0.0	2.0	3.0	1.0	21.0	0.0	0.0	0.0	190.0	0.0	152.0	142785.0
	44	54	64	74	84	94	104	114	124	134	144	154	164	174	184	194	204	214	224	234	244	254	264	274	284	294	301
1087_S25_L001_R1_001	1.0	0.0	0.0	0.0	0.0	0.0	1.0	0.0	1.0	4.0	4.0	3.0	0.0	11.0	2.0	7.0	17.0	28.0	14.0	8.0	12.0	1.0	20.0	5.0	162.0	15233.0	95417.0
	44	54	64	74	84	94	104	114	124	134	144	154	164	174	184	194	204	214	224	234	244	254	264	274	284	294	301
1087_S25_L001_R2_001	1.0	0.0	0.0	0.0	0.0	0.0	1.0	0.0	1.0	3.0	4.0	3.0	0.0	10.0	2.0	6.0	14.0	26.0	11.0	9.0	7.0	1.0	16.0	2.0	122.0	181.0	110531.0
	34	44	54	64	74	84	94	104	114	124	134	144	154	164	174	184	194	204	214	224	234	244	254	264	274	284	294	301
11223_S30_L001_R1_001	2.0	0.0	0.0	4.0	4.0	8.0	2.0	0.0	5.0	2.0	15.0	12.0	12.0	10.0	15.0	24.0	27.0	33.0	45.0	91.0	42.0	45.0	27.0	39.0	32.0	150.0	3408.0	349909.0
	34	44	54	64	74	84	94	104	114	124	134	144	154	164	174	184	194	204	214	224	234	244	254	264	274	284	294	301
11223_S30_L001_R2_001	2.0	0.0	0.0	4.0	4.0	7.0	2.0	0.0	4.0	2.0	12.0	10.0	9.0	6.0	8.0	16.0	22.0	23.0	31.0	63.0	30.0	43.0	9.0	29.0	21.0	105.0	7318.0	346183.0
	34	44	54	64	74	84	94	104	114	124	134	144	154	164	174	184	194	204	214	224	234	244	254	264	274	284	294	301
11276_S15_L001_R1_001	4.0	0.0	0.0	0.0	0.0	0.0	1.0	0.0	2.0	0.0	5.0	5.0	16.0	11.0	31.0	23.0	25.0	48.0	84.0	91.0	107.0	58.0	71.0	30.0	22.0	140.0	18498.0	233362.0
	34	44	54	64	74	84	94	104	114	124	134	144	154	164	174	184	194	204	214	224	234	244	254	264	274	284	294	301
11276_S15_L001_R2_001	4.0	0.0	0.0	0.0	0.0	0.0	1.0	1.0	2.0	0.0	5.0	4.0	14.0	12.0	28.0	16.0	17.0	40.0	64.0	75.0	72.0	44.0	38.0	22.0	15.0	82.0	3033.0	249045.0
	44	54	64	74	84	94	104	114	124	134	144	154	164	174	184	194	204	214	224	234	244	254	264	274	284	294	301
11494_S59_L001_R1_001	3.0	1.0	0.0	4.0	0.0	0.0	0.0	8.0	5.0	9.0	66.0	8.0	34.0	91.0	14.0	202.0	127.0	617.0	240.0	251.0	186.0	214.0	315.0	37.0	7023.0	6106.0	178152.0
	44	54	64	74	84	94	104	114	124	134	144	154	164	174	184	194	204	214	224	234	244	254	264	274	284	294	301
11494_S59_L001_R2_001	3.0	1.0	0.0	4.0	0.0	0.0	0.0	7.0	4.0	9.0	66.0	10.0	20.0	75.0	9.0	181.0	117.0	562.0	206.0	203.0	114.0	155.0	251.0	15.0	5282.0	1016.0	185403.0
	52	57	62	67	72	77	82	87	92	97	102	107	112	117	122	127	132	137	142	147	152	157	162	167	172	177	182	187	192	197	202	207	212	217	222	227	232	237	242	247	252	257	262	267	272	277	282	287	292	297	301
11506_S34_L001_R1_001	1.0	0.0	0.0	0.0	0.0	1.0	1.0	1.0	0.0	0.0	0.0	0.0	0.0	0.0	0.0	0.0	0.0	1.0	0.0	2.0	0.0	0.0	0.0	0.0	2.0	1.0	0.0	1.0	2.0	0.0	1.0	6.0	3.0	15.0	2.0	3.0	6.0	4.0	2.0	1.0	2.0	4.0	6.0	9.0	7.0	7.0	6.0	635.0	22.0	4131.0	85223.0
	52	57	62	67	72	77	82	87	92	97	102	107	112	117	122	127	132	137	142	147	152	157	162	167	172	177	182	187	192	197	202	207	212	217	222	227	232	237	242	247	252	257	262	267	272	277	282	287	292	297	301
11506_S34_L001_R2_001	2.0	0.0	0.0	0.0	0.0	2.0	1.0	0.0	0.0	0.0	0.0	0.0	0.0	0.0	0.0	0.0	0.0	0.0	0.0	2.0	0.0	0.0	0.0	0.0	2.0	1.0	0.0	1.0	2.0	0.0	2.0	6.0	3.0	16.0	2.0	3.0	6.0	3.0	2.0	1.0	2.0	5.0	6.0	8.0	4.0	7.0	5.0	621.0	20.0	454.0	88919.0
	34	44	54	64	74	84	94	104	114	124	134	144	154	164	174	184	194	204	214	224	234	244	254	264	274	284	294	301
11706_S53_L001_R1_001	3.0	0.0	0.0	0.0	3.0	1.0	1.0	7.0	15.0	16.0	46.0	75.0	77.0	172.0	68.0	33.0	44.0	28.0	46.0	63.0	59.0	51.0	10.0	58.0	87.0	273.0	282.0	78599.0
	34	44	54	64	74	84	94	104	114	124	134	144	154	164	174	184	194	204	214	224	234	244	254	264	274	284	294	301
11706_S53_L001_R2_001	2.0	0.0	0.0	0.0	5.0	1.0	1.0	7.0	15.0	16.0	40.0	73.0	72.0	162.0	59.0	28.0	37.0	26.0	40.0	48.0	25.0	36.0	9.0	35.0	62.0	204.0	1469.0	77645.0
	102	107	112	117	122	127	132	137	142	147	152	157	162	167	172	177	182	187	192	197	202	207	212	217	222	227	232	237	242	247	252	257	262	267	272	277	282	287	292	297	301
11895_S68_L001_R1_001	1.0	0.0	0.0	0.0	0.0	0.0	4.0	0.0	0.0	0.0	0.0	1.0	4.0	0.0	0.0	3.0	2.0	2.0	0.0	2.0	1.0	2.0	2.0	7.0	6.0	5.0	7.0	1.0	5.0	6.0	6.0	5.0	5.0	16.0	2.0	5.0	1.0	74.0	32.0	1369.0	79347.0
	102	107	112	117	122	127	132	137	142	147	152	157	162	167	172	177	182	187	192	197	202	207	212	217	222	227	232	237	242	247	252	257	262	267	272	277	282	287	292	297	301
11895_S68_L001_R2_001	1.0	0.0	0.0	0.0	0.0	0.0	4.0	0.0	0.0	0.0	0.0	1.0	4.0	0.0	0.0	1.0	2.0	2.0	0.0	3.0	1.0	2.0	2.0	3.0	6.0	4.0	4.0	1.0	1.0	3.0	3.0	3.0	3.0	9.0	1.0	3.0	0.0	53.0	6.0	177.0	80620.0
	34	44	54	64	74	84	94	104	114	124	134	144	154	164	174	184	194	204	214	224	234	244	254	264	274	284	294	301
11896_S92_L001_R1_001	1.0	0.0	0.0	0.0	0.0	1.0	1.0	0.0	0.0	3.0	3.0	7.0	1.0	0.0	8.0	3.0	3.0	8.0	29.0	5.0	4.0	9.0	11.0	23.0	6.0	222.0	8548.0	241578.0
	34	44	54	64	74	84	94	104	114	124	134	144	154	164	174	184	194	204	214	224	234	244	254	264	274	284	294	301
11896_S92_L001_R2_001	1.0	0.0	0.0	0.0	0.0	1.0	1.0	0.0	0.0	3.0	3.0	7.0	1.0	0.0	7.0	3.0	2.0	8.0	28.0	2.0	4.0	9.0	10.0	20.0	5.0	181.0	322.0	249856.0
	34	44	54	64	74	84	94	104	114	124	134	144	154	164	174	184	194	204	214	224	234	244	254	264	274	284	294	301
12220_S31_L001_R1_001	1.0	2.0	0.0	0.0	0.0	0.0	0.0	1.0	0.0	1.0	1.0	5.0	6.0	2.0	6.0	5.0	7.0	13.0	14.0	7.0	6.0	11.0	5.0	12.0	8.0	31.0	563.0	90105.0
	34	44	54	64	74	84	94	104	114	124	134	144	154	164	174	184	194	204	214	224	234	244	254	264	274	284	294	301
12220_S31_L001_R2_001	1.0	2.0	0.0	0.0	0.0	0.0	0.0	2.0	0.0	1.0	1.0	5.0	7.0	3.0	6.0	3.0	7.0	11.0	9.0	7.0	4.0	7.0	5.0	12.0	4.0	27.0	596.0	90092.0
	82	87	92	97	102	107	112	117	122	127	132	137	142	147	152	157	162	167	172	177	182	187	192	197	202	207	212	217	222	227	232	237	242	247	252	257	262	267	272	277	282	287	292	297	301
123_S1_L001_R1_001	1.0	0.0	0.0	0.0	1.0	0.0	1.0	0.0	0.0	0.0	0.0	0.0	0.0	2.0	0.0	2.0	0.0	0.0	0.0	0.0	2.0	7.0	1.0	1.0	0.0	0.0	0.0	1.0	0.0	0.0	1.0	1.0	0.0	2.0	0.0	1.0	3.0	3.0	0.0	1.0	0.0	57.0	1.0	2789.0	152701.0
	102	107	112	117	122	127	132	137	142	147	152	157	162	167	172	177	182	187	192	197	202	207	212	217	222	227	232	237	242	247	252	257	262	267	272	277	282	287	292	297	301
123_S1_L001_R2_001	1.0	0.0	1.0	0.0	0.0	0.0	0.0	0.0	0.0	2.0	0.0	1.0	0.0	0.0	0.0	0.0	2.0	6.0	1.0	1.0	0.0	0.0	0.0	0.0	0.0	0.0	1.0	0.0	0.0	1.0	0.0	0.0	1.0	3.0	0.0	0.0	0.0	48.0	0.0	212.0	155298.0
	34	44	54	64	74	84	94	104	114	124	134	144	154	164	174	184	194	204	214	224	234	244	254	264	274	284	294	301
12547_S16_L001_R1_001	4.0	0.0	0.0	0.0	0.0	1.0	1.0	1.0	0.0	4.0	5.0	1.0	1.0	1.0	4.0	4.0	7.0	1.0	39.0	28.0	21.0	45.0	18.0	23.0	12.0	183.0	12423.0	383380.0
	34	44	54	64	74	84	94	104	114	124	134	144	154	164	174	184	194	204	214	224	234	244	254	264	274	284	294	301
12547_S16_L001_R2_001	4.0	0.0	0.0	0.0	0.0	1.0	1.0	1.0	0.0	2.0	3.0	1.0	1.0	1.0	2.0	2.0	7.0	2.0	28.0	25.0	14.0	23.0	12.0	16.0	6.0	129.0	5115.0	390811.0
	67	72	77	82	87	92	97	102	107	112	117	122	127	132	137	142	147	152	157	162	167	172	177	182	187	192	197	202	207	212	217	222	227	232	237	242	247	252	257	262	267	272	277	282	287	292	297	301
12694_S76_L001_R1_001	1.0	0.0	0.0	0.0	0.0	0.0	0.0	0.0	0.0	0.0	0.0	0.0	0.0	0.0	0.0	0.0	4.0	0.0	0.0	0.0	0.0	5.0	3.0	3.0	1.0	4.0	1.0	6.0	7.0	7.0	32.0	5.0	0.0	6.0	5.0	0.0	8.0	3.0	1.0	4.0	11.0	3.0	3.0	0.0	298.0	4.0	508.0	185260.0
	67	72	77	82	87	92	97	102	107	112	117	122	127	132	137	142	147	152	157	162	167	172	177	182	187	192	197	202	207	212	217	222	227	232	237	242	247	252	257	262	267	272	277	282	287	292	297	301
12694_S76_L001_R2_001	1.0	0.0	0.0	0.0	0.0	0.0	0.0	0.0	0.0	0.0	0.0	0.0	0.0	1.0	0.0	0.0	4.0	0.0	0.0	0.0	0.0	3.0	3.0	3.0	1.0	4.0	0.0	5.0	7.0	6.0	26.0	5.0	0.0	6.0	4.0	1.0	7.0	2.0	1.0	3.0	9.0	4.0	3.0	0.0	248.0	3.0	1012.0	184821.0
	34	44	54	64	74	84	94	104	114	124	134	144	154	164	174	184	194	204	214	224	234	244	254	264	274	284	294	301
12819_S54_L001_R1_001	2.0	0.0	0.0	0.0	1.0	0.0	0.0	0.0	0.0	1.0	3.0	11.0	6.0	4.0	10.0	10.0	15.0	11.0	7.0	31.0	20.0	9.0	7.0	47.0	11.0	71.0	1598.0	100547.0
	34	44	54	64	74	84	94	104	114	124	134	144	154	164	174	184	194	204	214	224	234	244	254	264	274	284	294	301
12819_S54_L001_R2_001	2.0	0.0	0.0	0.0	1.0	0.0	0.0	0.0	0.0	1.0	1.0	8.0	5.0	1.0	8.0	7.0	11.0	11.0	6.0	22.0	10.0	3.0	2.0	26.0	5.0	43.0	331.0	101918.0
	197	202	207	212	217	222	227	232	237	242	247	252	257	262	267	272	277	282	287	292	297	301
12885_S69_L001_R1_001	1.0	1.0	2.0	0.0	2.0	0.0	6.0	2.0	0.0	0.0	3.0	0.0	1.0	0.0	6.0	7.0	0.0	6.0	13.0	17.0	2132.0	100282.0
	197	202	207	212	217	222	227	232	237	242	247	252	257	262	267	272	277	282	287	292	297	301
12885_S69_L001_R2_001	1.0	1.0	2.0	0.0	1.0	0.0	2.0	1.0	0.0	0.0	3.0	0.0	0.0	0.0	5.0	4.0	1.0	3.0	7.0	0.0	347.0	102103.0
	137	142	147	152	157	162	167	172	177	182	187	192	197	202	207	212	217	222	227	232	237	242	247	252	257	262	267	272	277	282	287	292	297	301
12994_S93_L001_R1_001	1.0	0.0	2.0	0.0	0.0	2.0	0.0	1.0	3.0	1.0	0.0	1.0	2.0	0.0	6.0	3.0	7.0	1.0	3.0	0.0	3.0	1.0	10.0	3.0	1.0	0.0	4.0	3.0	4.0	4.0	165.0	23.0	9110.0	229531.0
	137	142	147	152	157	162	167	172	177	182	187	192	197	202	207	212	217	222	227	232	237	242	247	252	257	262	267	272	277	282	287	292	297	301
12994_S93_L001_R2_001	1.0	0.0	2.0	0.0	0.0	1.0	0.0	2.0	3.0	1.0	0.0	1.0	1.0	0.0	5.0	3.0	8.0	1.0	3.0	0.0	3.0	0.0	8.0	2.0	1.0	0.0	4.0	1.0	3.0	2.0	148.0	4.0	248.0	238439.0
	52	57	62	67	72	77	82	87	92	97	102	107	112	117	122	127	132	137	142	147	152	157	162	167	172	177	182	187	192	197	202	207	212	217	222	227	232	237	242	247	252	257	262	267	272	277	282	287	292	297	301
13393_S32_L001_R1_001	3.0	0.0	0.0	0.0	0.0	0.0	0.0	0.0	0.0	0.0	0.0	0.0	0.0	1.0	0.0	1.0	0.0	0.0	0.0	2.0	1.0	3.0	0.0	0.0	0.0	1.0	0.0	1.0	1.0	3.0	4.0	1.0	10.0	11.0	7.0	18.0	3.0	7.0	7.0	20.0	4.0	3.0	11.0	15.0	18.0	10.0	6.0	94.0	12.0	825.0	90205.0
	52	57	62	67	72	77	82	87	92	97	102	107	112	117	122	127	132	137	142	147	152	157	162	167	172	177	182	187	192	197	202	207	212	217	222	227	232	237	242	247	252	257	262	267	272	277	282	287	292	297	301
13393_S32_L001_R2_001	3.0	0.0	0.0	0.0	0.0	0.0	0.0	0.0	0.0	0.0	0.0	0.0	0.0	1.0	0.0	0.0	0.0	0.0	0.0	3.0	0.0	3.0	0.0	0.0	0.0	0.0	0.0	1.0	1.0	0.0	3.0	0.0	8.0	12.0	8.0	16.0	2.0	2.0	5.0	6.0	0.0	1.0	5.0	14.0	10.0	6.0	6.0	54.0	5.0	594.0	90539.0
	132	137	142	147	152	157	162	167	172	177	182	187	192	197	202	207	212	217	222	227	232	237	242	247	252	257	262	267	272	277	282	287	292	297	301
1356_S26_L001_R1_001	1.0	0.0	0.0	2.0	0.0	0.0	0.0	3.0	2.0	4.0	1.0	1.0	6.0	1.0	0.0	1.0	3.0	19.0	1.0	3.0	4.0	0.0	0.0	7.0	8.0	3.0	2.0	1.0	0.0	1.0	1.0	190.0	4.0	7423.0	162342.0
	132	137	142	147	152	157	162	167	172	177	182	187	192	197	202	207	212	217	222	227	232	237	242	247	252	257	262	267	272	277	282	287	292	297	301
1356_S26_L001_R2_001	1.0	0.0	0.0	2.0	0.0	0.0	0.0	2.0	2.0	3.0	1.0	1.0	6.0	1.0	0.0	1.0	2.0	17.0	1.0	3.0	4.0	0.0	0.0	6.0	5.0	2.0	1.0	1.0	0.0	1.0	0.0	132.0	2.0	559.0	169278.0
	34	44	54	64	74	84	94	104	114	124	134	144	154	164	174	184	194	204	214	224	234	244	254	264	274	284	294	301
13615_S17_L001_R1_001	7.0	0.0	1.0	0.0	2.0	0.0	5.0	6.0	8.0	10.0	18.0	62.0	49.0	53.0	46.0	44.0	64.0	36.0	221.0	168.0	177.0	182.0	68.0	109.0	45.0	446.0	93507.0	531163.0
	34	44	54	64	74	84	94	104	114	124	134	144	154	164	174	184	194	204	214	224	234	244	254	264	274	284	294	301
13615_S17_L001_R2_001	6.0	0.0	1.0	0.0	2.0	0.0	5.0	6.0	8.0	9.0	17.0	60.0	45.0	48.0	44.0	43.0	60.0	34.0	187.0	141.0	126.0	96.0	42.0	73.0	14.0	317.0	7986.0	617127.0
	34	44	54	64	74	84	94	104	114	124	134	144	154	164	174	184	194	204	214	224	234	244	254	264	274	284	294	301
13858_S55_L001_R1_001	2.0	0.0	1.0	0.0	2.0	2.0	1.0	0.0	2.0	1.0	7.0	16.0	11.0	13.0	19.0	23.0	39.0	39.0	83.0	65.0	49.0	77.0	26.0	60.0	38.0	217.0	1415.0	66958.0
	34	44	54	64	74	84	94	104	114	124	134	144	154	164	174	184	194	204	214	224	234	244	254	264	274	284	294	301
13858_S55_L001_R2_001	2.0	0.0	1.0	0.0	2.0	2.0	1.0	0.0	2.0	0.0	5.0	14.0	9.0	13.0	14.0	16.0	33.0	29.0	72.0	41.0	29.0	47.0	7.0	28.0	19.0	139.0	409.0	68232.0
	34	44	54	64	74	84	94	104	114	124	134	144	154	164	174	184	194	204	214	224	234	244	254	264	274	284	294	301
1420_S4_L001_R1_001	2.0	0.0	1.0	0.0	1.0	0.0	0.0	0.0	0.0	0.0	0.0	3.0	1.0	2.0	2.0	3.0	1.0	6.0	19.0	9.0	7.0	11.0	3.0	21.0	7.0	358.0	4468.0	195102.0
	34	44	54	64	74	84	94	104	114	124	134	144	154	164	174	184	194	204	214	224	234	244	254	264	274	284	294	301
1420_S4_L001_R2_001	2.0	0.0	1.0	0.0	1.0	0.0	0.0	0.0	0.0	0.0	0.0	3.0	1.0	2.0	2.0	3.0	1.0	5.0	18.0	8.0	7.0	14.0	2.0	18.0	6.0	304.0	1496.0	198133.0
	34	44	54	64	74	84	94	104	114	124	134	144	154	164	174	184	194	204	214	224	234	244	254	264	274	284	294	301
14216_S70_L001_R1_001	1.0	0.0	1.0	0.0	0.0	1.0	0.0	1.0	2.0	2.0	1.0	7.0	15.0	5.0	26.0	13.0	33.0	27.0	44.0	26.0	19.0	28.0	15.0	25.0	11.0	117.0	2180.0	120264.0
	57	62	67	72	77	82	87	92	97	102	107	112	117	122	127	132	137	142	147	152	157	162	167	172	177	182	187	192	197	202	207	212	217	222	227	232	237	242	247	252	257	262	267	272	277	282	287	292	297	301
14216_S70_L001_R2_001	1.0	0.0	0.0	0.0	0.0	1.0	0.0	0.0	0.0	1.0	0.0	1.0	1.0	0.0	2.0	0.0	1.0	0.0	5.0	0.0	17.0	3.0	2.0	5.0	12.0	9.0	6.0	4.0	26.0	11.0	12.0	16.0	17.0	9.0	15.0	10.0	3.0	6.0	12.0	6.0	2.0	3.0	14.0	5.0	4.0	10.0	69.0	7.0	858.0	121678.0
	72	77	82	87	92	97	102	107	112	117	122	127	132	137	142	147	152	157	162	167	172	177	182	187	192	197	202	207	212	217	222	227	232	237	242	247	252	257	262	267	272	277	282	287	292	297	301
14372_S33_L001_R1_001	3.0	0.0	0.0	0.0	0.0	0.0	0.0	0.0	0.0	0.0	0.0	3.0	0.0	2.0	3.0	4.0	2.0	5.0	7.0	1.0	3.0	7.0	5.0	2.0	10.0	14.0	4.0	8.0	22.0	12.0	10.0	31.0	31.0	20.0	10.0	20.0	19.0	10.0	17.0	23.0	9.0	9.0	22.0	113.0	9.0	1971.0	106594.0
	72	77	82	87	92	97	102	107	112	117	122	127	132	137	142	147	152	157	162	167	172	177	182	187	192	197	202	207	212	217	222	227	232	237	242	247	252	257	262	267	272	277	282	287	292	297	301
14372_S33_L001_R2_001	2.0	0.0	0.0	0.0	0.0	0.0	0.0	0.0	0.0	0.0	0.0	3.0	0.0	2.0	3.0	2.0	2.0	3.0	6.0	2.0	2.0	6.0	5.0	2.0	9.0	9.0	5.0	3.0	15.0	10.0	8.0	24.0	25.0	14.0	6.0	17.0	12.0	6.0	11.0	13.0	7.0	5.0	10.0	59.0	3.0	1870.0	106854.0
	34	44	54	64	74	84	94	104	114	124	134	144	154	164	174	184	194	204	214	224	234	244	254	264	274	284	294	301
14714_S18_L001_R1_001	15.0	2.0	0.0	0.0	1.0	1.0	0.0	0.0	2.0	0.0	6.0	4.0	8.0	1.0	5.0	4.0	2.0	8.0	15.0	37.0	6.0	43.0	14.0	15.0	12.0	51.0	3113.0	94428.0
	34	44	54	64	74	84	94	104	114	124	134	144	154	164	174	184	194	204	214	224	234	244	254	264	274	284	294	301
14714_S18_L001_R2_001	15.0	1.0	0.0	0.0	1.0	1.0	0.0	0.0	1.0	0.0	6.0	4.0	7.0	1.0	4.0	5.0	2.0	5.0	11.0	30.0	2.0	33.0	10.0	12.0	5.0	33.0	1914.0	95690.0
	34	44	54	64	74	84	94	104	114	124	134	144	154	164	174	184	194	204	214	224	234	244	254	264	274	284	294	301
15002_S56_L001_R1_001	2.0	4.0	2.0	0.0	0.0	0.0	2.0	2.0	2.0	1.0	6.0	31.0	25.0	13.0	12.0	36.0	61.0	30.0	83.0	82.0	81.0	67.0	54.0	100.0	79.0	530.0	1830.0	76658.0
	34	44	54	64	74	84	94	104	114	124	134	144	154	164	174	184	194	204	214	224	234	244	254	264	274	284	294	301
15002_S56_L001_R2_001	3.0	4.0	2.0	0.0	0.0	0.0	2.0	2.0	1.0	0.0	5.0	26.0	18.0	10.0	5.0	30.0	49.0	24.0	50.0	57.0	47.0	36.0	22.0	72.0	54.0	346.0	488.0	78440.0
	172	177	182	187	192	197	202	207	212	217	222	227	232	237	242	247	252	257	262	267	272	277	282	287	292	297	301
15116_S71_L001_R1_001	3.0	0.0	0.0	0.0	5.0	0.0	0.0	0.0	4.0	2.0	0.0	0.0	0.0	0.0	1.0	1.0	1.0	0.0	2.0	0.0	1.0	2.0	3.0	16.0	35.0	3068.0	96092.0
	172	177	182	187	192	197	202	207	212	217	222	227	232	237	242	247	252	257	262	267	272	277	282	287	292	297	301
15116_S71_L001_R2_001	3.0	0.0	0.0	0.0	4.0	0.0	0.0	0.0	4.0	2.0	0.0	0.0	0.0	0.0	1.0	0.0	0.0	0.0	2.0	0.0	1.0	0.0	1.0	7.0	0.0	244.0	98967.0
	34	44	54	64	74	84	94	104	114	124	134	144	154	164	174	184	194	204	214	224	234	244	254	264	274	284	294	301
15425_S34_L001_R1_001	1.0	0.0	0.0	1.0	0.0	1.0	0.0	0.0	0.0	0.0	1.0	3.0	3.0	9.0	14.0	14.0	14.0	12.0	16.0	45.0	18.0	22.0	11.0	10.0	17.0	82.0	3557.0	94538.0
	34	44	54	64	74	84	94	104	114	124	134	144	154	164	174	184	194	204	214	224	234	244	254	264	274	284	294	301
15425_S34_L001_R2_001	1.0	0.0	0.0	1.0	0.0	1.0	0.0	0.0	0.0	0.0	1.0	3.0	3.0	7.0	11.0	13.0	14.0	11.0	15.0	37.0	10.0	13.0	7.0	12.0	9.0	48.0	754.0	97418.0
	34	44	54	64	74	84	94	104	114	124	134	144	154	164	174	184	194	204	214	224	234	244	254	264	274	284	294	301
16066_S57_L001_R1_001	2.0	0.0	0.0	0.0	0.0	0.0	0.0	0.0	0.0	0.0	0.0	2.0	1.0	8.0	3.0	0.0	4.0	1.0	5.0	4.0	6.0	12.0	0.0	21.0	17.0	27.0	3299.0	110459.0
	34	44	54	64	74	84	94	104	114	124	134	144	154	164	174	184	194	204	214	224	234	244	254	264	274	284	294	301
16066_S57_L001_R2_001	2.0	0.0	0.0	0.0	0.0	0.0	0.0	0.0	0.0	0.0	0.0	1.0	0.0	7.0	2.0	1.0	2.0	1.0	4.0	3.0	4.0	10.0	0.0	11.0	5.0	12.0	276.0	113530.0
	34	44	54	64	74	84	94	104	114	124	134	144	154	164	174	184	194	204	214	224	234	244	254	264	274	284	294	301
16384_S72_L001_R1_001	1.0	0.0	0.0	0.0	1.0	2.0	0.0	0.0	0.0	2.0	1.0	9.0	2.0	5.0	17.0	15.0	17.0	22.0	46.0	49.0	36.0	26.0	40.0	44.0	13.0	173.0	3526.0	175359.0
	34	44	54	64	74	84	94	104	114	124	134	144	154	164	174	184	194	204	214	224	234	244	254	264	274	284	294	301
16384_S72_L001_R2_001	1.0	0.0	0.0	0.0	1.0	2.0	0.0	0.0	0.0	1.0	2.0	10.0	2.0	4.0	13.0	10.0	14.0	17.0	31.0	34.0	26.0	10.0	25.0	34.0	7.0	126.0	2130.0	176906.0
	34	44	54	64	74	84	94	104	114	124	134	144	154	164	174	184	194	204	214	224	234	244	254	264	274	284	294	301
17405_S73_L001_R1_001	3.0	2.0	0.0	0.0	1.0	0.0	1.0	1.0	1.0	5.0	11.0	13.0	23.0	16.0	27.0	29.0	61.0	51.0	82.0	92.0	65.0	74.0	66.0	50.0	43.0	153.0	4416.0	217252.0
	34	44	54	64	74	84	94	104	114	124	134	144	154	164	174	184	194	204	214	224	234	244	254	264	274	284	294	301
17405_S73_L001_R2_001	3.0	2.0	0.0	0.0	1.0	0.0	1.0	1.0	1.0	5.0	12.0	14.0	22.0	14.0	26.0	21.0	50.0	41.0	63.0	66.0	42.0	50.0	40.0	38.0	20.0	89.0	1869.0	220047.0
	92	97	102	107	112	117	122	127	132	137	142	147	152	157	162	167	172	177	182	187	192	197	202	207	212	217	222	227	232	237	242	247	252	257	262	267	272	277	282	287	292	297	301
18465_S74_L001_R1_001	1.0	0.0	0.0	0.0	0.0	0.0	1.0	1.0	0.0	0.0	0.0	6.0	0.0	0.0	0.0	3.0	4.0	2.0	0.0	2.0	0.0	1.0	3.0	4.0	9.0	4.0	1.0	9.0	17.0	0.0	8.0	14.0	5.0	2.0	8.0	10.0	6.0	7.0	9.0	67.0	15.0	1044.0	64649.0
	92	97	102	107	112	117	122	127	132	137	142	147	152	157	162	167	172	177	182	187	192	197	202	207	212	217	222	227	232	237	242	247	252	257	262	267	272	277	282	287	292	297	301
18465_S74_L001_R2_001	1.0	0.0	0.0	0.0	0.0	0.0	1.0	0.0	0.0	0.0	0.0	5.0	0.0	0.0	0.0	3.0	2.0	2.0	0.0	1.0	0.0	1.0	2.0	2.0	9.0	4.0	2.0	7.0	12.0	0.0	2.0	9.0	1.0	2.0	4.0	7.0	3.0	3.0	2.0	46.0	5.0	858.0	64916.0
	34	44	54	64	74	84	94	104	114	124	134	144	154	164	174	184	194	204	214	224	234	244	254	264	274	284	294	301
2196_S5_L001_R1_001	1.0	2.0	0.0	1.0	2.0	1.0	1.0	2.0	0.0	3.0	0.0	9.0	6.0	1.0	5.0	3.0	13.0	13.0	48.0	27.0	18.0	21.0	31.0	15.0	8.0	639.0	6524.0	164575.0
	34	44	54	64	74	84	94	104	114	124	134	144	154	164	174	184	194	204	214	224	234	244	254	264	274	284	294	301
2196_S5_L001_R2_001	1.0	2.0	0.0	1.0	2.0	1.0	1.0	2.0	0.0	3.0	0.0	9.0	6.0	1.0	4.0	3.0	15.0	13.0	49.0	23.0	17.0	24.0	28.0	13.0	7.0	566.0	220.0	170958.0
	102	107	112	117	122	127	132	137	142	147	152	157	162	167	172	177	182	187	192	197	202	207	212	217	222	227	232	237	242	247	252	257	262	267	272	277	282	287	292	297	301
2712_S34_L001_R1_001	1.0	0.0	0.0	0.0	1.0	1.0	0.0	2.0	0.0	3.0	2.0	1.0	0.0	0.0	1.0	3.0	3.0	1.0	0.0	0.0	0.0	0.0	7.0	6.0	2.0	3.0	7.0	4.0	4.0	0.0	5.0	2.0	1.0	2.0	1.0	2.0	3.0	190.0	27.0	4754.0	179350.0
	102	107	112	117	122	127	132	137	142	147	152	157	162	167	172	177	182	187	192	197	202	207	212	217	222	227	232	237	242	247	252	257	262	267	272	277	282	287	292	297	301
2712_S34_L001_R2_001	1.0	0.0	0.0	0.0	1.0	1.0	0.0	2.0	0.0	3.0	2.0	1.0	0.0	0.0	0.0	2.0	3.0	1.0	1.0	0.0	0.0	0.0	7.0	4.0	2.0	3.0	5.0	3.0	1.0	2.0	2.0	2.0	0.0	1.0	1.0	2.0	1.0	134.0	23.0	212.0	183966.0
	177	182	187	192	197	202	207	212	217	222	227	232	237	242	247	252	257	262	267	272	277	282	287	292	297	301
2995_S53_L001_R1_001	2.0	0.0	1.0	2.0	0.0	2.0	1.0	3.0	4.0	0.0	0.0	4.0	0.0	0.0	2.0	0.0	0.0	0.0	5.0	9.0	1.0	0.0	89.0	2.0	369.0	168073.0
	122	127	132	137	142	147	152	157	162	167	172	177	182	187	192	197	202	207	212	217	222	227	232	237	242	247	252	257	262	267	272	277	282	287	292	297	301
2995_S53_L001_R2_001	3.0	0.0	0.0	0.0	0.0	0.0	0.0	0.0	0.0	0.0	0.0	1.0	0.0	1.0	1.0	0.0	2.0	0.0	3.0	4.0	0.0	0.0	4.0	0.0	0.0	2.0	0.0	0.0	0.0	4.0	3.0	1.0	0.0	76.0	2.0	824.0	167638.0
	137	142	147	152	157	162	167	172	177	182	187	192	197	202	207	212	217	222	227	232	237	242	247	252	257	262	267	272	277	282	287	292	297	301
3256_S6_L001_R1_001	1.0	0.0	4.0	0.0	0.0	0.0	0.0	0.0	4.0	2.0	2.0	2.0	0.0	1.0	7.0	3.0	50.0	3.0	2.0	12.0	2.0	1.0	11.0	9.0	3.0	0.0	7.0	0.0	0.0	1.0	529.0	3.0	8104.0	205358.0
	137	142	147	152	157	162	167	172	177	182	187	192	197	202	207	212	217	222	227	232	237	242	247	252	257	262	267	272	277	282	287	292	297	301
3256_S6_L001_R2_001	1.0	0.0	4.0	0.0	0.0	0.0	0.0	0.0	4.0	2.0	2.0	2.0	0.0	1.0	6.0	3.0	52.0	3.0	2.0	10.0	1.0	0.0	11.0	6.0	2.0	0.0	5.0	0.0	0.0	1.0	454.0	2.0	956.0	212591.0
	77	82	87	92	97	102	107	112	117	122	127	132	137	142	147	152	157	162	167	172	177	182	187	192	197	202	207	212	217	222	227	232	237	242	247	252	257	262	267	272	277	282	287	292	297	301
3262_S27_L001_R1_001	1.0	0.0	1.0	0.0	0.0	2.0	0.0	0.0	0.0	2.0	0.0	0.0	6.0	0.0	7.0	0.0	2.0	6.0	0.0	2.0	10.0	5.0	0.0	4.0	2.0	3.0	14.0	6.0	29.0	11.0	7.0	13.0	4.0	6.0	9.0	5.0	5.0	1.0	29.0	2.0	2.0	2.0	705.0	10.0	2160.0	158945.0
	77	82	87	92	97	102	107	112	117	122	127	132	137	142	147	152	157	162	167	172	177	182	187	192	197	202	207	212	217	222	227	232	237	242	247	252	257	262	267	272	277	282	287	292	297	301
3262_S27_L001_R2_001	1.0	0.0	1.0	0.0	0.0	2.0	0.0	0.0	0.0	0.0	0.0	0.0	6.0	0.0	7.0	0.0	1.0	5.0	1.0	1.0	9.0	3.0	0.0	3.0	2.0	3.0	13.0	6.0	26.0	6.0	5.0	10.0	3.0	5.0	8.0	5.0	4.0	0.0	16.0	1.0	2.0	1.0	509.0	0.0	1831.0	159522.0
	77	82	87	92	97	102	107	112	117	122	127	132	137	142	147	152	157	162	167	172	177	182	187	192	197	202	207	212	217	222	227	232	237	242	247	252	257	262	267	272	277	282	287	292	297	301
364_S2_L001_R1_001	1.0	0.0	0.0	0.0	0.0	1.0	0.0	0.0	0.0	0.0	0.0	2.0	0.0	0.0	7.0	0.0	0.0	1.0	0.0	0.0	4.0	9.0	4.0	4.0	0.0	1.0	9.0	5.0	16.0	3.0	2.0	27.0	2.0	0.0	11.0	9.0	4.0	0.0	12.0	4.0	2.0	5.0	434.0	4.0	755.0	210368.0
	77	82	87	92	97	102	107	112	117	122	127	132	137	142	147	152	157	162	167	172	177	182	187	192	197	202	207	212	217	222	227	232	237	242	247	252	257	262	267	272	277	282	287	292	297	301
364_S2_L001_R2_001	1.0	0.0	0.0	0.0	0.0	1.0	0.0	0.0	0.0	0.0	0.0	2.0	0.0	0.0	6.0	0.0	0.0	1.0	0.0	0.0	3.0	8.0	4.0	4.0	0.0	1.0	9.0	4.0	15.0	1.0	2.0	24.0	2.0	1.0	11.0	7.0	4.0	0.0	13.0	4.0	2.0	4.0	338.0	3.0	542.0	210689.0
	87	92	97	102	107	112	117	122	127	132	137	142	147	152	157	162	167	172	177	182	187	192	197	202	207	212	217	222	227	232	237	242	247	252	257	262	267	272	277	282	287	292	297	301
4007_S35_L001_R1_001	1.0	0.0	0.0	0.0	0.0	0.0	0.0	0.0	0.0	0.0	0.0	0.0	9.0	1.0	9.0	6.0	1.0	0.0	3.0	2.0	3.0	14.0	1.0	5.0	7.0	10.0	43.0	1.0	9.0	23.0	3.0	10.0	16.0	10.0	14.0	2.0	27.0	3.0	10.0	3.0	685.0	55.0	15554.0	245612.0
	87	92	97	102	107	112	117	122	127	132	137	142	147	152	157	162	167	172	177	182	187	192	197	202	207	212	217	222	227	232	237	242	247	252	257	262	267	272	277	282	287	292	297	301
4007_S35_L001_R2_001	1.0	0.0	0.0	0.0	0.0	0.0	0.0	0.0	0.0	0.0	0.0	0.0	9.0	1.0	6.0	6.0	1.0	0.0	4.0	2.0	3.0	12.0	2.0	4.0	6.0	10.0	38.0	0.0	10.0	21.0	2.0	10.0	13.0	5.0	11.0	2.0	17.0	3.0	2.0	2.0	524.0	34.0	407.0	260984.0
	44	54	64	74	84	94	104	114	124	134	144	154	164	174	184	194	204	214	224	234	244	254	264	274	284	294	301
4343_S54_L001_R1_001	1.0	1.0	0.0	0.0	0.0	1.0	0.0	0.0	0.0	1.0	3.0	1.0	1.0	2.0	1.0	4.0	11.0	22.0	5.0	16.0	29.0	15.0	19.0	21.0	499.0	474.0	177493.0
	44	54	64	74	84	94	104	114	124	134	144	154	164	174	184	194	204	214	224	234	244	254	264	274	284	294	301
4343_S54_L001_R2_001	1.0	1.0	0.0	0.0	0.0	1.0	0.0	0.0	0.0	1.0	2.0	1.0	1.0	1.0	1.0	4.0	11.0	20.0	4.0	12.0	24.0	10.0	15.0	16.0	370.0	493.0	177631.0
	87	92	97	102	107	112	117	122	127	132	137	142	147	152	157	162	167	172	177	182	187	192	197	202	207	212	217	222	227	232	237	242	247	252	257	262	267	272	277	282	287	292	297	301
4406_S28_L001_R1_001	1.0	0.0	0.0	0.0	0.0	0.0	0.0	1.0	0.0	0.0	2.0	1.0	4.0	0.0	0.0	4.0	0.0	1.0	3.0	0.0	2.0	6.0	2.0	1.0	15.0	9.0	25.0	0.0	4.0	11.0	7.0	6.0	1.0	13.0	3.0	2.0	12.0	2.0	0.0	2.0	504.0	8.0	2305.0	86848.0
	87	92	97	102	107	112	117	122	127	132	137	142	147	152	157	162	167	172	177	182	187	192	197	202	207	212	217	222	227	232	237	242	247	252	257	262	267	272	277	282	287	292	297	301
4406_S28_L001_R2_001	1.0	0.0	0.0	0.0	0.0	0.0	0.0	1.0	0.0	0.0	3.0	1.0	4.0	0.0	0.0	2.0	0.0	1.0	3.0	0.0	1.0	6.0	2.0	1.0	14.0	8.0	22.0	1.0	3.0	9.0	5.0	5.0	2.0	8.0	1.0	0.0	9.0	1.0	0.0	0.0	339.0	1.0	300.0	89051.0
	34	44	54	64	74	84	94	104	114	124	134	144	154	164	174	184	194	204	214	224	234	244	254	264	274	284	294	301
4516_S7_L001_R1_001	1.0	0.0	0.0	0.0	0.0	0.0	0.0	0.0	0.0	0.0	0.0	0.0	0.0	0.0	0.0	1.0	0.0	0.0	4.0	0.0	7.0	3.0	2.0	4.0	3.0	112.0	1710.0	154886.0
	34	44	54	64	74	84	94	104	114	124	134	144	154	164	174	184	194	204	214	224	234	244	254	264	274	284	294	301
4516_S7_L001_R2_001	1.0	0.0	0.0	0.0	0.0	0.0	0.0	0.0	0.0	0.0	0.0	0.0	0.0	0.0	0.0	0.0	0.0	0.0	3.0	0.0	6.0	3.0	2.0	3.0	2.0	102.0	583.0	156028.0
	52	57	62	67	72	77	82	87	92	97	102	107	112	117	122	127	132	137	142	147	152	157	162	167	172	177	182	187	192	197	202	207	212	217	222	227	232	237	242	247	252	257	262	267	272	277	282	287	292	297	301
4965_S71_L001_R1_001	1.0	0.0	0.0	0.0	0.0	0.0	0.0	0.0	2.0	1.0	0.0	0.0	1.0	0.0	0.0	0.0	2.0	2.0	6.0	64.0	6.0	0.0	16.0	5.0	48.0	51.0	37.0	11.0	7.0	31.0	33.0	66.0	71.0	480.0	49.0	80.0	98.0	4.0	12.0	82.0	47.0	9.0	26.0	89.0	21.0	43.0	15.0	4293.0	48.0	11297.0	225660.0
	52	57	62	67	72	77	82	87	92	97	102	107	112	117	122	127	132	137	142	147	152	157	162	167	172	177	182	187	192	197	202	207	212	217	222	227	232	237	242	247	252	257	262	267	272	277	282	287	292	297	301
4965_S71_L001_R2_001	1.0	0.0	0.0	0.0	0.0	0.0	0.0	0.0	2.0	1.0	0.0	0.0	1.0	0.0	0.0	0.0	2.0	2.0	5.0	64.0	7.0	0.0	15.0	5.0	42.0	44.0	39.0	10.0	6.0	28.0	28.0	65.0	65.0	443.0	40.0	77.0	83.0	5.0	8.0	67.0	40.0	7.0	16.0	75.0	11.0	29.0	12.0	3524.0	28.0	504.0	237413.0
	97	102	107	112	117	122	127	132	137	142	147	152	157	162	167	172	177	182	187	192	197	202	207	212	217	222	227	232	237	242	247	252	257	262	267	272	277	282	287	292	297	301
5190_S36_L001_R1_001	1.0	0.0	0.0	1.0	0.0	0.0	0.0	0.0	0.0	0.0	0.0	0.0	0.0	0.0	0.0	0.0	0.0	0.0	2.0	0.0	0.0	2.0	5.0	3.0	13.0	0.0	3.0	5.0	0.0	0.0	3.0	2.0	2.0	1.0	1.0	1.0	7.0	0.0	332.0	3.0	23179.0	141384.0
	97	102	107	112	117	122	127	132	137	142	147	152	157	162	167	172	177	182	187	192	197	202	207	212	217	222	227	232	237	242	247	252	257	262	267	272	277	282	287	292	297	301
5190_S36_L001_R2_001	1.0	0.0	0.0	1.0	0.0	0.0	0.0	0.0	0.0	0.0	0.0	0.0	0.0	0.0	0.0	0.0	0.0	0.0	2.0	0.0	0.0	2.0	5.0	3.0	13.0	0.0	3.0	5.0	0.0	0.0	3.0	0.0	3.0	0.0	1.0	0.0	6.0	0.0	277.0	1.0	167.0	164457.0
	122	127	132	137	142	147	152	157	162	167	172	177	182	187	192	197	202	207	212	217	222	227	232	237	242	247	252	257	262	267	272	277	282	287	292	297	301
5384_S88_L001_R1_001	1.0	0.0	0.0	0.0	0.0	2.0	0.0	0.0	0.0	0.0	0.0	3.0	0.0	2.0	1.0	0.0	0.0	3.0	3.0	33.0	3.0	29.0	23.0	1.0	0.0	16.0	0.0	0.0	1.0	0.0	2.0	1.0	11.0	508.0	1.0	13427.0	138403.0
	122	127	132	137	142	147	152	157	162	167	172	177	182	187	192	197	202	207	212	217	222	227	232	237	242	247	252	257	262	267	272	277	282	287	292	297	301
5384_S88_L001_R2_001	1.0	0.0	0.0	0.0	0.0	2.0	0.0	0.0	0.0	0.0	0.0	2.0	0.0	2.0	1.0	0.0	1.0	2.0	3.0	33.0	4.0	31.0	20.0	1.0	0.0	14.0	0.0	0.0	1.0	0.0	2.0	0.0	8.0	440.0	1.0	198.0	151707.0
	137	142	147	152	157	162	167	172	177	182	187	192	197	202	207	212	217	222	227	232	237	242	247	252	257	262	267	272	277	282	287	292	297	301
5968_S29_L001_R1_001	3.0	0.0	1.0	0.0	0.0	1.0	0.0	0.0	0.0	3.0	3.0	0.0	2.0	0.0	0.0	0.0	7.0	0.0	3.0	0.0	1.0	0.0	1.0	2.0	0.0	0.0	0.0	1.0	0.0	0.0	93.0	19.0	1555.0	247294.0
	137	142	147	152	157	162	167	172	177	182	187	192	197	202	207	212	217	222	227	232	237	242	247	252	257	262	267	272	277	282	287	292	297	301
5968_S29_L001_R2_001	3.0	0.0	1.0	0.0	0.0	1.0	0.0	0.0	0.0	2.0	3.0	0.0	2.0	0.0	0.0	0.0	6.0	0.0	3.0	0.0	1.0	0.0	0.0	1.0	0.0	0.0	0.0	1.0	0.0	0.0	75.0	2.0	1607.0	247281.0
	34	44	54	64	74	84	94	104	114	124	134	144	154	164	174	184	194	204	214	224	234	244	254	264	274	284	294	301
6242_S72_L001_R1_001	1.0	0.0	0.0	0.0	2.0	0.0	0.0	2.0	0.0	1.0	0.0	13.0	1.0	1.0	10.0	5.0	1.0	23.0	42.0	39.0	26.0	47.0	23.0	18.0	6.0	846.0	11763.0	186526.0
	34	44	54	64	74	84	94	104	114	124	134	144	154	164	174	184	194	204	214	224	234	244	254	264	274	284	294	301
6242_S72_L001_R2_001	1.0	0.0	0.0	0.0	2.0	0.0	0.0	1.0	0.0	1.0	0.0	12.0	1.0	1.0	7.0	4.0	2.0	23.0	39.0	36.0	24.0	49.0	15.0	17.0	4.0	717.0	343.0	198097.0
	44	54	64	74	84	94	104	114	124	134	144	154	164	174	184	194	204	214	224	234	244	254	264	274	284	294	301
6266_S55_L001_R1_001	2.0	1.0	0.0	0.0	3.0	1.0	1.0	3.0	0.0	2.0	1.0	1.0	3.0	14.0	4.0	5.0	13.0	44.0	19.0	22.0	18.0	16.0	16.0	10.0	685.0	1896.0	354525.0
	44	54	64	74	84	94	104	114	124	134	144	154	164	174	184	194	204	214	224	234	244	254	264	274	284	294	301
6266_S55_L001_R2_001	2.0	1.0	0.0	0.0	2.0	1.0	1.0	3.0	0.0	2.0	1.0	0.0	3.0	12.0	4.0	5.0	13.0	38.0	16.0	18.0	19.0	19.0	16.0	6.0	553.0	1159.0	355411.0
	34	44	54	64	74	84	94	104	114	124	134	144	154	164	174	184	194	204	214	224	234	244	254	264	274	284	294	301
6740_S37_L001_R1_001	2.0	0.0	0.0	1.0	0.0	1.0	0.0	0.0	0.0	1.0	2.0	3.0	2.0	0.0	10.0	5.0	3.0	25.0	32.0	31.0	7.0	5.0	5.0	7.0	4.0	409.0	1676.0	351292.0
	34	44	54	64	74	84	94	104	114	124	134	144	154	164	174	184	194	204	214	224	234	244	254	264	274	284	294	301
6740_S37_L001_R2_001	2.0	0.0	0.0	1.0	0.0	1.0	0.0	0.0	0.0	1.0	2.0	3.0	2.0	0.0	10.0	5.0	3.0	23.0	31.0	29.0	6.0	3.0	4.0	6.0	2.0	322.0	2244.0	350823.0
	34	44	54	64	74	84	94	104	114	124	134	144	154	164	174	184	194	204	214	224	234	244	254	264	274	284	294	301
7395_S56_L001_R1_001	1.0	0.0	0.0	1.0	0.0	1.0	0.0	0.0	1.0	2.0	3.0	7.0	3.0	0.0	15.0	3.0	7.0	8.0	41.0	8.0	2.0	5.0	10.0	32.0	28.0	929.0	4940.0	726291.0
	34	44	54	64	74	84	94	104	114	124	134	144	154	164	174	184	194	204	214	224	234	244	254	264	274	284	294	301
7395_S56_L001_R2_001	1.0	0.0	0.0	1.0	0.0	1.0	0.0	0.0	1.0	1.0	2.0	7.0	3.0	0.0	15.0	3.0	5.0	9.0	34.0	5.0	2.0	2.0	12.0	26.0	21.0	699.0	2866.0	728622.0
	77	82	87	92	97	102	107	112	117	122	127	132	137	142	147	152	157	162	167	172	177	182	187	192	197	202	207	212	217	222	227	232	237	242	247	252	257	262	267	272	277	282	287	292	297	301
7500_S30_L001_R1_001	1.0	1.0	0.0	0.0	2.0	0.0	0.0	2.0	0.0	0.0	1.0	0.0	3.0	2.0	13.0	0.0	9.0	6.0	5.0	3.0	2.0	6.0	5.0	2.0	0.0	8.0	7.0	3.0	61.0	11.0	44.0	22.0	1.0	18.0	13.0	28.0	0.0	2.0	27.0	5.0	2.0	6.0	594.0	10.0	2590.0	203397.0
	77	82	87	92	97	102	107	112	117	122	127	132	137	142	147	152	157	162	167	172	177	182	187	192	197	202	207	212	217	222	227	232	237	242	247	252	257	262	267	272	277	282	287	292	297	301
7500_S30_L001_R2_001	1.0	1.0	0.0	0.0	2.0	0.0	0.0	2.0	0.0	0.0	1.0	0.0	3.0	2.0	13.0	0.0	9.0	6.0	5.0	3.0	1.0	6.0	4.0	2.0	0.0	7.0	7.0	1.0	61.0	10.0	42.0	20.0	1.0	14.0	13.0	24.0	0.0	1.0	23.0	4.0	1.0	6.0	450.0	3.0	1108.0	205055.0
	34	44	54	64	74	84	94	104	114	124	134	144	154	164	174	184	194	204	214	224	234	244	254	264	274	284	294	301
7588_S12_L001_R1_001	35.0	18.0	9.0	6.0	31.0	27.0	55.0	28.0	60.0	90.0	205.0	171.0	215.0	272.0	276.0	133.0	369.0	182.0	736.0	521.0	285.0	414.0	116.0	140.0	121.0	1023.0	4113.0	129116.0
	34	44	54	64	74	84	94	104	114	124	134	144	154	164	174	184	194	204	214	224	234	244	254	264	274	284	294	301
7588_S12_L001_R2_001	35.0	17.0	9.0	6.0	31.0	25.0	49.0	24.0	53.0	79.0	183.0	156.0	195.0	226.0	229.0	113.0	295.0	138.0	541.0	381.0	180.0	270.0	67.0	73.0	58.0	688.0	1516.0	133130.0
	44	54	64	74	84	94	104	114	124	134	144	154	164	174	184	194	204	214	224	234	244	254	264	274	284	294	301
7780_S73_L001_R1_001	1.0	0.0	0.0	1.0	5.0	1.0	9.0	12.0	13.0	25.0	245.0	37.0	19.0	196.0	125.0	201.0	113.0	340.0	107.0	167.0	82.0	65.0	220.0	25.0	3711.0	9399.0	210098.0
	44	54	64	74	84	94	104	114	124	134	144	154	164	174	184	194	204	214	224	234	244	254	264	274	284	294	301
7780_S73_L001_R2_001	1.0	0.0	0.0	1.0	5.0	1.0	9.0	10.0	13.0	25.0	240.0	35.0	15.0	162.0	120.0	187.0	93.0	309.0	95.0	138.0	77.0	59.0	178.0	15.0	3035.0	1162.0	219232.0
	44	54	64	74	84	94	104	114	124	134	144	154	164	174	184	194	204	214	224	234	244	254	264	274	284	294	301
780_S3_L001_R1_001	1.0	0.0	0.0	0.0	0.0	0.0	0.0	0.0	1.0	2.0	5.0	5.0	6.0	13.0	6.0	22.0	11.0	53.0	13.0	6.0	10.0	11.0	15.0	3.0	366.0	258.0	174418.0
	44	54	64	74	84	94	104	114	124	134	144	154	164	174	184	194	204	214	224	234	244	254	264	274	284	294	301
780_S3_L001_R2_001	1.0	0.0	0.0	0.0	0.0	0.0	0.0	0.0	1.0	2.0	5.0	5.0	5.0	12.0	5.0	19.0	9.0	50.0	8.0	3.0	8.0	8.0	12.0	1.0	265.0	3132.0	171674.0
	137	142	147	152	157	162	167	172	177	182	187	192	197	202	207	212	217	222	227	232	237	242	247	252	257	262	267	272	277	282	287	292	297	301
7915_S38_L001_R1_001	5.0	0.0	2.0	1.0	0.0	0.0	0.0	1.0	4.0	2.0	0.0	4.0	3.0	4.0	8.0	3.0	45.0	8.0	6.0	12.0	6.0	6.0	5.0	13.0	2.0	2.0	20.0	3.0	0.0	6.0	633.0	10.0	19333.0	177575.0
	137	142	147	152	157	162	167	172	177	182	187	192	197	202	207	212	217	222	227	232	237	242	247	252	257	262	267	272	277	282	287	292	297	301
7915_S38_L001_R2_001	4.0	0.0	2.0	1.0	0.0	0.0	0.0	1.0	4.0	2.0	0.0	4.0	2.0	4.0	7.0	2.0	46.0	4.0	5.0	11.0	6.0	3.0	3.0	9.0	1.0	2.0	18.0	3.0	0.0	3.0	518.0	6.0	1765.0	195286.0
	44	54	64	74	84	94	104	114	124	134	144	154	164	174	184	194	204	214	224	234	244	254	264	274	284	294	301
8190_S89_L001_R1_001	1.0	0.0	0.0	0.0	0.0	0.0	0.0	0.0	0.0	0.0	5.0	0.0	0.0	3.0	2.0	1.0	4.0	5.0	2.0	3.0	2.0	8.0	7.0	10.0	127.0	32263.0	147665.0
	44	54	64	74	84	94	104	114	124	134	144	154	164	174	184	194	204	214	224	234	244	254	264	274	284	294	301
8190_S89_L001_R2_001	1.0	0.0	0.0	0.0	0.0	0.0	0.0	0.0	0.0	0.0	5.0	0.0	0.0	3.0	2.0	0.0	4.0	5.0	2.0	3.0	3.0	7.0	6.0	9.0	102.0	218.0	179738.0
	34	44	54	64	74	84	94	104	114	124	134	144	154	164	174	184	194	204	214	224	234	244	254	264	274	284	294	301
8404_S28_L001_R1_001	2.0	1.0	0.0	1.0	4.0	1.0	2.0	1.0	12.0	6.0	3.0	11.0	51.0	23.0	64.0	43.0	88.0	72.0	108.0	124.0	101.0	137.0	63.0	72.0	77.0	400.0	52640.0	171035.0
	34	44	54	64	74	84	94	104	114	124	134	144	154	164	174	184	194	204	214	224	234	244	254	264	274	284	294	301
8404_S28_L001_R2_001	2.0	1.0	0.0	1.0	3.0	1.0	2.0	0.0	11.0	6.0	4.0	9.0	48.0	16.0	53.0	37.0	76.0	52.0	83.0	84.0	65.0	87.0	38.0	46.0	43.0	248.0	1467.0	222659.0
	44	54	64	74	84	94	104	114	124	134	144	154	164	174	184	194	204	214	224	234	244	254	264	274	284	294	301
8695_S31_L001_R1_001	1.0	0.0	0.0	0.0	0.0	0.0	0.0	0.0	0.0	2.0	2.0	4.0	1.0	3.0	2.0	4.0	5.0	37.0	18.0	24.0	21.0	25.0	12.0	14.0	718.0	2686.0	160265.0
	44	54	64	74	84	94	104	114	124	134	144	154	164	174	184	194	204	214	224	234	244	254	264	274	284	294	301
8695_S31_L001_R2_001	1.0	0.0	0.0	0.0	0.0	0.0	0.0	0.0	0.0	2.0	2.0	4.0	1.0	3.0	2.0	4.0	4.0	33.0	16.0	27.0	23.0	23.0	11.0	9.0	585.0	892.0	162202.0
	44	54	64	74	84	94	104	114	124	134	144	154	164	174	184	194	204	214	224	234	244	254	264	274	284	294	301
8780_S57_L001_R1_001	1.0	0.0	0.0	1.0	5.0	2.0	1.0	0.0	0.0	4.0	0.0	0.0	0.0	4.0	0.0	1.0	4.0	8.0	3.0	1.0	0.0	4.0	1.0	1.0	110.0	8705.0	204452.0
	44	54	64	74	84	94	104	114	124	134	144	154	164	174	184	194	204	214	224	234	244	254	264	274	284	294	301
8780_S57_L001_R2_001	2.0	0.0	0.0	1.0	5.0	2.0	1.0	0.0	0.0	4.0	0.0	0.0	0.0	2.0	0.0	1.0	4.0	5.0	2.0	0.0	0.0	3.0	1.0	2.0	86.0	346.0	212841.0
	34	44	54	64	74	84	94	104	114	124	134	144	154	164	174	184	194	204	214	224	234	244	254	264	274	284	294	301
8852_S51_L001_R1_001	3.0	0.0	0.0	0.0	1.0	1.0	0.0	1.0	3.0	3.0	5.0	13.0	20.0	16.0	26.0	15.0	40.0	23.0	22.0	71.0	37.0	54.0	16.0	27.0	9.0	76.0	482.0	80501.0
	34	44	54	64	74	84	94	104	114	124	134	144	154	164	174	184	194	204	214	224	234	244	254	264	274	284	294	301
8852_S51_L001_R2_001	3.0	0.0	0.0	0.0	1.0	1.0	0.0	1.0	1.0	3.0	5.0	11.0	21.0	12.0	16.0	15.0	31.0	15.0	19.0	46.0	20.0	32.0	6.0	14.0	9.0	43.0	406.0	80734.0
	34	44	54	64	74	84	94	104	114	124	134	144	154	164	174	184	194	204	214	224	234	244	254	264	274	284	294	301
9046_S13_L001_R1_001	3.0	0.0	0.0	0.0	0.0	1.0	1.0	5.0	5.0	8.0	10.0	4.0	6.0	8.0	3.0	18.0	24.0	24.0	37.0	65.0	31.0	58.0	13.0	18.0	14.0	73.0	5315.0	355106.0
	34	44	54	64	74	84	94	104	114	124	134	144	154	164	174	184	194	204	214	224	234	244	254	264	274	284	294	301
9046_S13_L001_R2_001	4.0	0.0	0.0	0.0	0.0	1.0	1.0	5.0	3.0	7.0	9.0	3.0	6.0	9.0	4.0	16.0	20.0	23.0	30.0	47.0	20.0	38.0	8.0	19.0	6.0	41.0	4360.0	356170.0
	44	54	64	74	84	94	104	114	124	134	144	154	164	174	184	194	204	214	224	234	244	254	264	274	284	294	301
9308_S39_L001_R1_001	1.0	0.0	0.0	0.0	0.0	0.0	0.0	0.0	2.0	0.0	5.0	0.0	3.0	4.0	5.0	3.0	1.0	17.0	8.0	2.0	6.0	6.0	3.0	0.0	137.0	40229.0	177756.0
	44	54	64	74	84	94	104	114	124	134	144	154	164	174	184	194	204	214	224	234	244	254	264	274	284	294	301
9308_S39_L001_R2_001	1.0	0.0	0.0	0.0	0.0	0.0	0.0	0.0	1.0	0.0	5.0	0.0	3.0	5.0	3.0	2.0	1.0	16.0	7.0	0.0	5.0	3.0	3.0	0.0	89.0	662.0	217382.0
	137	142	147	152	157	162	167	172	177	182	187	192	197	202	207	212	217	222	227	232	237	242	247	252	257	262	267	272	277	282	287	292	297	301
9325_S90_L001_R1_001	1.0	0.0	0.0	0.0	0.0	2.0	0.0	0.0	2.0	0.0	0.0	0.0	0.0	0.0	5.0	1.0	4.0	0.0	0.0	0.0	0.0	0.0	0.0	0.0	0.0	2.0	4.0	4.0	0.0	2.0	84.0	21.0	2705.0	208386.0
	137	142	147	152	157	162	167	172	177	182	187	192	197	202	207	212	217	222	227	232	237	242	247	252	257	262	267	272	277	282	287	292	297	301
9325_S90_L001_R2_001	1.0	0.0	0.0	0.0	0.0	1.0	0.0	0.0	1.0	0.0	0.0	0.0	0.0	0.0	4.0	0.0	4.0	0.0	0.0	0.0	0.0	0.0	0.0	0.0	0.0	2.0	5.0	3.0	0.0	1.0	76.0	3.0	297.0	210825.0
	52	57	62	67	72	77	82	87	92	97	102	107	112	117	122	127	132	137	142	147	152	157	162	167	172	177	182	187	192	197	202	207	212	217	222	227	232	237	242	247	252	257	262	267	272	277	282	287	292	297	301
9372_S74_L001_R1_001	1.0	0.0	0.0	0.0	0.0	0.0	0.0	0.0	0.0	0.0	0.0	1.0	0.0	1.0	0.0	0.0	0.0	0.0	0.0	12.0	4.0	6.0	9.0	11.0	5.0	3.0	5.0	2.0	0.0	0.0	1.0	2.0	6.0	24.0	1.0	1.0	2.0	1.0	0.0	21.0	10.0	8.0	0.0	39.0	1.0	0.0	0.0	752.0	25.0	4167.0	233446.0
	52	57	62	67	72	77	82	87	92	97	102	107	112	117	122	127	132	137	142	147	152	157	162	167	172	177	182	187	192	197	202	207	212	217	222	227	232	237	242	247	252	257	262	267	272	277	282	287	292	297	301
9372_S74_L001_R2_001	1.0	0.0	0.0	0.0	0.0	0.0	0.0	0.0	0.0	0.0	0.0	1.0	0.0	1.0	0.0	0.0	0.0	0.0	0.0	12.0	4.0	6.0	8.0	10.0	4.0	2.0	5.0	2.0	0.0	0.0	0.0	2.0	3.0	22.0	1.0	0.0	1.0	1.0	0.0	16.0	7.0	7.0	0.0	30.0	2.0	0.0	0.0	580.0	16.0	388.0	237435.0
	34	44	54	64	74	84	94	104	114	124	134	144	154	164	174	184	194	204	214	224	234	244	254	264	274	284	294	301
9536_S29_L001_R1_001	1.0	0.0	0.0	0.0	0.0	1.0	0.0	1.0	6.0	3.0	14.0	8.0	13.0	16.0	13.0	20.0	23.0	10.0	26.0	27.0	19.0	20.0	14.0	16.0	13.0	62.0	5430.0	75554.0
	34	44	54	64	74	84	94	104	114	124	134	144	154	164	174	184	194	204	214	224	234	244	254	264	274	284	294	301
9536_S29_L001_R2_001	1.0	0.0	0.0	0.0	0.0	1.0	0.0	1.0	7.0	2.0	15.0	9.0	14.0	12.0	11.0	16.0	20.0	9.0	22.0	15.0	16.0	15.0	2.0	8.0	11.0	37.0	350.0	80716.0
	34	44	54	64	74	84	94	104	114	124	134	144	154	164	174	184	194	204	214	224	234	244	254	264	274	284	294	301
9916_S52_L001_R1_001	11.0	0.0	0.0	1.0	2.0	4.0	3.0	4.0	3.0	3.0	12.0	5.0	17.0	24.0	22.0	19.0	50.0	37.0	73.0	135.0	231.0	14.0	96.0	57.0	123.0	489.0	1401.0	69347.0
	34	44	54	64	74	84	94	104	114	124	134	144	154	164	174	184	194	204	214	224	234	244	254	264	274	284	294	301
9916_S52_L001_R2_001	10.0	0.0	0.0	1.0	2.0	4.0	2.0	4.0	3.0	1.0	12.0	5.0	17.0	20.0	18.0	18.0	36.0	31.0	59.0	96.0	139.0	7.0	70.0	36.0	76.0	329.0	762.0	70425.0

