Sample	FastQC_mqc-generalstats-fastqc-percent_duplicates	FastQC_mqc-generalstats-fastqc-percent_gc	FastQC_mqc-generalstats-fastqc-avg_sequence_length	FastQC_mqc-generalstats-fastqc-percent_fails	FastQC_mqc-generalstats-fastqc-total_sequences
10192_S14_L001_R1_001	96.86424297181676	52.0	300.28561110506786	45.45454545454545	3189967.0
10192_S14_L001_R2_001	96.43209997251031	51.0	300.79879133545893	45.45454545454545	3189967.0
10224_S58_L001_R1_001	88.75910661148545	56.0	300.6241406437049	45.45454545454545	175422.0
10224_S58_L001_R2_001	87.38413653931661	56.0	300.8341428099098	36.36363636363637	175422.0
10354_S75_L001_R1_001	92.05426739673315	52.0	300.212648335936	45.45454545454545	151767.0
10354_S75_L001_R2_001	88.31498283553078	52.0	300.3968056296823	45.45454545454545	151767.0
10530_S40_L001_R1_001	95.03633797230614	51.0	300.88366599395727	45.45454545454545	171446.0
10530_S40_L001_R2_001	94.72720273438867	52.0	300.93830127270394	45.45454545454545	171446.0
10812_S91_L001_R1_001	94.3626270032471	52.0	300.45862225480954	45.45454545454545	143205.0
10812_S91_L001_R2_001	94.262071855033	52.0	300.9377116720785	45.45454545454545	143205.0
1087_S25_L001_R1_001	94.20374760029202	53.0	299.9054807978297	45.45454545454545	110951.0
1087_S25_L001_R2_001	92.48857603807086	52.0	300.87517012014314	45.45454545454545	110951.0
11223_S30_L001_R1_001	95.3896311196368	52.0	300.8010017996231	45.45454545454545	353963.0
11223_S30_L001_R2_001	95.72525941976986	52.0	300.7578842986414	45.45454545454545	353963.0
11276_S15_L001_R1_001	93.3983549324319	52.0	300.2764869336669	45.45454545454545	252634.0
11276_S15_L001_R2_001	95.15860889666475	52.0	300.7528321603585	45.45454545454545	252634.0
11494_S59_L001_R1_001	90.2309086122253	53.0	299.17484113095145	45.45454545454545	193713.0
11494_S59_L001_R2_001	88.05965526319865	53.0	299.6575500869844	45.45454545454545	193713.0
11506_S34_L001_R1_001	94.80068362409553	52.0	300.640265015315	36.36363636363637	90108.0
11506_S34_L001_R2_001	93.3979224930084	52.0	300.8045567541173	45.45454545454545	90108.0
11706_S53_L001_R1_001	91.64721594667799	52.0	299.6210666899659	45.45454545454545	80117.0
11706_S53_L001_R2_001	92.74311319694947	52.0	299.68537264251034	45.45454545454545	80117.0
11895_S68_L001_R1_001	93.23925212856666	51.0	300.82781162339506	45.45454545454545	80923.0
11895_S68_L001_R2_001	94.19571691608071	51.0	300.9155740642339	45.45454545454545	80923.0
11896_S92_L001_R1_001	95.26377987336011	52.0	300.7035141371959	45.45454545454545	250474.0
11896_S92_L001_R2_001	94.42576874246429	52.0	300.9391314068526	45.45454545454545	250474.0
12220_S31_L001_R1_001	91.46478438972824	51.0	300.83736730828525	45.45454545454545	90812.0
12220_S31_L001_R2_001	94.76170550147557	53.0	300.8449544113113	45.45454545454545	90812.0
123_S1_L001_R1_001	95.62344532359765	54.0	300.9034124142718	45.45454545454545	155579.0
123_S1_L001_R2_001	93.05304700505852	53.0	300.9758386414619	45.45454545454545	155579.0
12547_S16_L001_R1_001	94.80700744812687	52.0	300.7296640392522	45.45454545454545	396207.0
12547_S16_L001_R2_001	96.05534480713365	52.0	300.87294015502	45.45454545454545	396207.0
12694_S76_L001_R1_001	94.59217048976062	52.0	300.9134124268904	45.45454545454545	186193.0
12694_S76_L001_R2_001	94.87467305430387	53.0	300.9121449248898	45.45454545454545	186193.0
12819_S54_L001_R1_001	91.31631875964149	53.0	300.7137821952315	45.45454545454545	102422.0
12819_S54_L001_R2_001	92.6256077795786	52.0	300.85737439222044	45.45454545454545	102422.0
12885_S69_L001_R1_001	91.3261970511607	51.0	300.89528790702667	45.45454545454545	102481.0
12885_S69_L001_R2_001	92.10390218674681	51.0	300.97358534752783	45.45454545454545	102481.0
12994_S93_L001_R1_001	95.18156512275267	52.0	300.81690282341617	45.45454545454545	238895.0
12994_S93_L001_R2_001	94.84836434416793	52.0	300.9689235856757	45.45454545454545	238895.0
13393_S32_L001_R1_001	90.62513689928593	51.0	300.82633504183644	45.45454545454545	91308.0
13393_S32_L001_R2_001	93.19336750339511	53.0	300.8772725281465	45.45454545454545	91308.0
1356_S26_L001_R1_001	95.11744709881553	52.0	300.77296893562465	45.45454545454545	170034.0
1356_S26_L001_R2_001	93.56599268381618	52.0	300.9441347024713	45.45454545454545	170034.0
13615_S17_L001_R1_001	94.77076506351986	53.0	299.7524952234408	45.45454545454545	626497.0
13615_S17_L001_R2_001	96.08553592435399	52.0	300.74336668810867	45.45454545454545	626497.0
13858_S55_L001_R1_001	89.89387849521441	51.0	300.12491686666857	45.45454545454545	69166.0
13858_S55_L001_R2_001	91.26304831853801	51.0	300.4285053349912	45.45454545454545	69166.0
1420_S4_L001_R1_001	95.41711868897698	53.0	300.77450544176537	45.45454545454545	200027.0
1420_S4_L001_R2_001	94.82119913811636	53.0	300.8844755957946	45.45454545454545	200027.0
14216_S70_L001_R1_001	91.781156400573	51.0	300.63650865998176	45.45454545454545	122864.0
14216_S70_L001_R2_001	93.82487954160698	52.0	300.7792762729522	45.45454545454545	122864.0
14372_S33_L001_R1_001	91.24409593249874	52.0	300.67969917916264	45.45454545454545	109035.0
14372_S33_L001_R2_001	92.60237538405099	52.0	300.74788829275	45.45454545454545	109035.0
14714_S18_L001_R1_001	91.75810129559375	52.0	300.57486732179194	45.45454545454545	97793.0
14714_S18_L001_R2_001	93.32365302219995	52.0	300.69557125765647	45.45454545454545	97793.0
15002_S56_L001_R1_001	90.1658040178963	52.0	299.9612497336859	45.45454545454545	79793.0
15002_S56_L001_R2_001	90.69843219330016	52.0	300.3437895554748	45.45454545454545	79793.0
15116_S71_L001_R1_001	93.60715869241001	51.0	300.85246281591355	45.45454545454545	99236.0
15116_S71_L001_R2_001	95.01390624370188	52.0	300.97373936877744	45.45454545454545	99236.0
15425_S34_L001_R1_001	91.74501214566669	52.0	300.5521145656527	45.45454545454545	98389.0
15425_S34_L001_R2_001	93.1130512557298	52.0	300.78740509609815	45.45454545454545	98389.0
16066_S57_L001_R1_001	94.9258371314909	51.0	300.7399337847213	54.54545454545454	113871.0
16066_S57_L001_R2_001	95.03561047149844	52.0	300.9435589395017	45.45454545454545	113871.0
16384_S72_L001_R1_001	92.3547707434534	52.0	300.6942186994861	45.45454545454545	179406.0
16384_S72_L001_R2_001	94.22761780542457	52.0	300.7930949912489	45.45454545454545	179406.0
17405_S73_L001_R1_001	92.90188641939804	51.0	300.5812760067943	45.45454545454545	222538.0
17405_S73_L001_R2_001	94.69663608013013	51.0	300.7209150796718	45.45454545454545	222538.0
18465_S74_L001_R1_001	90.31284136424324	52.0	300.7771725937614	45.45454545454545	65912.0
18465_S74_L001_R2_001	92.36406117247239	52.0	300.8366913460371	45.45454545454545	65912.0
2196_S5_L001_R1_001	95.17180422052812	53.0	300.55626886241123	45.45454545454545	171969.0
2196_S5_L001_R2_001	94.97293116782676	52.0	300.8216713477429	45.45454545454545	171969.0
2712_S34_L001_R1_001	95.59030093986084	53.0	300.8496059960193	45.45454545454545	184389.0
2712_S34_L001_R2_001	93.02019100922506	53.0	300.9571449489937	45.45454545454545	184389.0
2995_S53_L001_R1_001	94.96052061766991	52.0	300.9700182121268	45.45454545454545	168569.0
2995_S53_L001_R2_001	95.10704815238864	53.0	300.96028925840454	45.45454545454545	168569.0
3256_S6_L001_R1_001	94.43585636158994	53.0	300.7671550198252	45.45454545454545	214121.0
3256_S6_L001_R2_001	93.68301100779466	52.0	300.9077157308251	45.45454545454545	214121.0
3262_S27_L001_R1_001	94.7499660531546	52.0	300.782048908146	45.45454545454545	162018.0
3262_S27_L001_R2_001	91.06889357972571	52.0	300.8258897159575	45.45454545454545	162018.0
364_S2_L001_R1_001	95.32228656722057	54.0	300.9028983590451	45.45454545454545	211706.0
364_S2_L001_R2_001	93.37005091967163	54.0	300.9178436133128	45.45454545454545	211706.0
4007_S35_L001_R1_001	94.88846165583325	54.0	300.65281592358633	45.45454545454545	262152.0
4007_S35_L001_R2_001	92.7763282370533	53.0	300.9021483719369	45.45454545454545	262152.0
4343_S54_L001_R1_001	94.08128988915016	52.0	300.8751595566006	45.45454545454545	178620.0
4343_S54_L001_R2_001	93.92229313626693	53.0	300.89568357406785	45.45454545454545	178620.0
4406_S28_L001_R1_001	91.36128277935526	52.0	300.6919659261734	45.45454545454545	89805.0
4406_S28_L001_R2_001	90.54618339736095	52.0	300.8244975224097	45.45454545454545	89805.0
4516_S7_L001_R1_001	94.17034064300435	52.0	300.90066546292104	45.45454545454545	156733.0
4516_S7_L001_R2_001	94.05166748546893	52.0	300.9542215104668	45.45454545454545	156733.0
4965_S71_L001_R1_001	93.50737601620993	55.0	300.0489592857084	45.45454545454545	242814.0
4965_S71_L001_R2_001	92.22367738268798	54.0	300.31816534466714	45.45454545454545	242814.0
5190_S36_L001_R1_001	94.7026371627766	53.0	300.386335253107	45.45454545454545	164950.0
5190_S36_L001_R2_001	93.6944528645044	52.0	300.9500333434374	45.45454545454545	164950.0
5384_S88_L001_R1_001	93.61924000157404	54.0	300.5371407584244	45.45454545454545	152474.0
5384_S88_L001_R2_001	93.02241693665805	54.0	300.89232262549683	45.45454545454545	152474.0
5968_S29_L001_R1_001	95.30621834699525	52.0	300.9580704368466	45.45454545454545	248989.0
5968_S29_L001_R2_001	95.57892115715956	52.0	300.96009060641234	45.45454545454545	248989.0
6242_S72_L001_R1_001	93.3383819133784	52.0	300.41062007261934	45.45454545454545	199396.0
6242_S72_L001_R2_001	93.44670906136533	53.0	300.83117514894985	45.45454545454545	199396.0
6266_S55_L001_R1_001	94.81031611648312	52.0	300.8830410993409	45.45454545454545	357305.0
6266_S55_L001_R2_001	95.23376387120247	52.0	300.9080953247226	45.45454545454545	357305.0
6740_S37_L001_R1_001	94.52171428733067	53.0	300.9092647437366	45.45454545454545	353523.0
6740_S37_L001_R2_001	92.41039479750964	53.0	300.9043343714553	45.45454545454545	353523.0
7395_S56_L001_R1_001	96.3531866433259	52.0	300.9119682441714	45.45454545454545	732338.0
7395_S56_L001_R2_001	95.28714883018498	53.0	300.939574349549	45.45454545454545	732338.0
7500_S30_L001_R1_001	94.66391509433963	52.0	300.7829753711723	45.45454545454545	206912.0
7500_S30_L001_R2_001	94.12213888029694	52.0	300.8291157593566	45.45454545454545	206912.0
7588_S12_L001_R1_001	89.37931929060944	52.0	297.2585701211383	45.45454545454545	138767.0
7588_S12_L001_R2_001	89.65748340743836	52.0	298.08793156874475	45.45454545454545	138767.0
7780_S73_L001_R1_001	93.61016264313973	52.0	299.5560903484195	45.45454545454545	225217.0
7780_S73_L001_R2_001	92.39533427760782	52.0	299.94437364852564	45.45454545454545	225217.0
780_S3_L001_R1_001	95.76886859751748	52.0	300.8593294335854	45.45454545454545	175225.0
780_S3_L001_R2_001	92.38008275074904	52.0	300.76666000856045	45.45454545454545	175225.0
7915_S38_L001_R1_001	94.35368851215343	52.0	300.49948412417433	45.45454545454545	197722.0
7915_S38_L001_R2_001	92.96739867086112	52.0	300.8706820687632	45.45454545454545	197722.0
8190_S89_L001_R1_001	93.67546138983276	53.0	299.7121005174673	45.45454545454545	180108.0
8190_S89_L001_R2_001	94.07300064405801	53.0	300.9608012969996	45.45454545454545	180108.0
8404_S28_L001_R1_001	93.06570964102656	54.0	298.9345968322214	45.45454545454545	225142.0
8404_S28_L001_R2_001	93.34420054898686	53.0	300.6306286699061	45.45454545454545	225142.0
8695_S31_L001_R1_001	94.07424135152951	52.0	300.7340580063963	45.45454545454545	163844.0
8695_S31_L001_R2_001	94.29762456971265	52.0	300.8278606479334	45.45454545454545	163844.0
8780_S57_L001_R1_001	94.98987379751345	52.0	300.68167157349933	45.45454545454545	213308.0
8780_S57_L001_R2_001	95.01097005269375	52.0	300.9598749226471	45.45454545454545	213308.0
8852_S51_L001_R1_001	92.40041735714723	52.0	300.48802553243723	45.45454545454545	81465.0
8852_S51_L001_R2_001	92.1770085312711	52.0	300.6196280611305	45.45454545454545	81465.0
9046_S13_L001_R1_001	94.5096300401829	52.0	300.8062131079396	45.45454545454545	360850.0
9046_S13_L001_R2_001	96.1050297907718	52.0	300.84118054593324	45.45454545454545	360850.0
9308_S39_L001_R1_001	95.22705190019616	53.0	299.6698901864447	45.45454545454545	218188.0
9308_S39_L001_R2_001	91.4789080976039	52.0	300.9471006654812	45.45454545454545	218188.0
9325_S90_L001_R1_001	94.6004933174891	52.0	300.9330660013351	45.45454545454545	211223.0
9325_S90_L001_R2_001	94.20896398592956	52.0	300.9821420962679	45.45454545454545	211223.0
9372_S74_L001_R1_001	95.41889699748917	52.0	300.8220877154007	45.45454545454545	238567.0
9372_S74_L001_R2_001	94.28336693675152	51.0	300.90401857759036	45.45454545454545	238567.0
9536_S29_L001_R1_001	91.72426515803714	53.0	300.20216455540526	45.45454545454545	81310.0
9536_S29_L001_R2_001	92.85081785758209	52.0	300.6924363546919	45.45454545454545	81310.0
9916_S52_L001_R1_001	87.26154357674244	55.0	299.74469057811393	54.54545454545454	72183.0
9916_S52_L001_R2_001	87.08006040203372	54.0	300.0955488134325	45.45454545454545	72183.0
